1
1
2
2
3
5
6
6
6
6
6
6
6
7
7
8
9
9
9
10
10
10
10
10
10
11
11
11
11
11
11
11
12
12
12
12
12
13
13
13
13
13
13
14
14
14
15
15
15
16
16
16
17
17
17
17
17
18
18
18
18
18
19
19
19
19
19
19
19
20
20
20
20
20
20
20
21
21
21
21
21
21
21
21
21
22
23
23
23
23
23
23
23
23
23
23
23
24
24
24
24
24
24
24
24
25
25
25
25
25
25
25
25
26
26
26
26
26
26
26
26
26
26
26
26
27
27
27
27
27
28
28
28
28
28
28
28
28
28
28
28
28
28
28
28
29
29
29
29
29
29
29
29
29
29
30
30
30
30
30
30
30
30
31
31
31
31
31
31
31
31
32
32
32
32
32
32
32
33
33
33
33
33
33
33
33
33
34
35
35
35
35
36
36
36
36
36
37
37
37
37
37
37
37
37
38
38
38
38
38
38
38
38
38
38
38
39
39
39
39
40
40
40
40
40
40
40
40
40
40
40
41
41
41
41
41
41
42
42
42
42
42
42
42
42
43
43
43
43
43
43
43
44
44
44
44
44
44
44
44
44
44
44
44
45
45
46
46
46
46
46
46
46
47
47
47
47
47
47
47
47
47
47
47
48
48
48
48
48
48
48
48
48
48
49
49
49
49
49
49
49
49
50
50
50
50
50
50
50
50
50
51
51
51
51
51
51
51
51
51
51
51
51
51
51
51
51
51
51
52
52
52
52
52
52
52
52
53
53
53
53
53
53
53
53
53
53
53
53
53
54
54
54
54
54
54
54
54
54
55
55
55
55
55
55
55
55
56
56
56
56
56
56
56
56
56
56
57
57
57
57
57
57
57
57
57
57
57
57
57
58
58
58
58
58
58
58
58
58
58
58
58
58
58
59
59
59
59
59
59
59
59
59
59
59
59
59
59
59
60
60
60
60
60
60
60
60
60
60
60
60
60
60
60
60
60
61
61
61
61
61
61
61
61
61
61
61
61
61
61
61
61
61
62
62
62
62
62
62
62
62
62
63
63
63
63
63
63
63
63
63
63
63
63
63
63
64
64
64
64
64
64
64
64
64
64
64
64
64
64
64
65
65
65
65
65
65
65
65
65
65
65
66
66
66
66
66
66
66
66
66
66
66
66
66
66
66
66
67
67
67
67
67
67
67
67
67
67
67
67
67
67
67
68
68
68
68
68
68
68
68
68
69
69
69
69
69
69
69
69
69
69
69
70
70
70
70
70
70
70
70
70
70
70
70
70
70
70
70
70
71
71
71
71
71
71
71
71
71
71
72
72
72
72
72
72
72
72
72
72
72
72
72
72
72
72
72
72
72
73
73
73
73
73
73
73
73
73
73
73
73
73
73
74
74
74
74
74
74
74
74
74
75
75
75
75
75
75
75
75
75
75
75
75
75
75
75
75
75
75
75
75
75
75
75
75
75
75
75
76
76
76
76
76
76
76
76
76
76
76
76
76
76
77
77
77
77
77
77
77
77
77
77
77
77
77
77
77
77
78
78
78
78
78
78
78
78
78
78
78
78
78
78
78
78
79
79
79
79
79
79
79
79
79
79
79
79
79
79
80
80
80
80
80
80
80
80
80
80
80
80
80
80
80
80
80
81
81
81
81
81
81
81
81
81
81
81
81
81
81
82
82
82
82
82
82
82
82
82
82
82
82
82
83
83
83
83
83
83
83
83
83
83
83
83
83
84
84
84
84
84
84
84
84
84
84
85
85
85
85
85
85
85
85
85
85
85
85
85
85
86
86
86
86
86
86
86
86
86
86
86
86
86
86
86
86
86
86
86
86
86
86
86
86
86
86
87
87
87
87
87
87
87
87
87
87
87
87
87
87
87
87
88
88
88
88
88
88
88
88
88
88
88
88
88
88
88
88
88
89
89
89
89
89
89
89
89
89
89
89
89
89
89
89
89
89
89
89
90
90
90
90
90
90
90
90
90
90
90
90
90
90
91
91
91
91
91
91
91
91
91
91
91
91
91
91
91
91
91
91
91
91
91
92
92
92
92
92
92
92
92
92
92
92
92
92
93
93
93
93
93
93
93
93
93
93
93
94
94
94
94
94
94
94
94
94
94
94
94
95
95
95
95
95
95
95
95
95
95
95
95
95
95
96
96
96
96
96
96
96
96
96
96
96
96
96
96
96
96
96
97
97
97
97
97
97
97
97
97
97
97
97
97
97
97
97
97
97
97
98
98
98
98
98
98
98
98
98
98
98
98
98
98
98
98
99
99
99
99
99
99
99
99
99
99
99
99
99
99
100
100
100
100
100
100
100
100
100
100
100
100
100
100
100
100
100
100
100
100
100
101
101
101
101
101
101
101
101
101
101
101
101
101
101
101
101
102
102
102
102
102
102
102
102
102
102
102
102
102
102
102
102
102
103
103
103
103
103
103
103
103
103
103
103
103
103
103
103
103
104
104
104
104
104
104
104
104
104
104
104
104
104
104
104
104
104
105
105
105
105
105
105
105
105
105
105
105
105
105
105
105
105
105
105
106
106
106
106
106
106
106
106
106
106
106
106
106
106
106
106
106
106
107
107
107
107
107
107
107
107
107
107
107
107
108
108
108
108
108
108
108
108
108
108
108
108
108
108
108
108
108
108
109
109
109
109
109
109
109
109
109
109
109
109
109
110
110
110
110
110
110
110
110
110
110
110
110
110
110
110
110
111
111
111
111
111
111
111
111
111
111
111
112
112
112
112
112
112
112
112
112
112
112
112
112
112
112
112
112
112
112
112
113
113
113
113
113
113
113
113
113
113
113
113
113
113
113
114
114
114
114
114
114
114
114
114
114
114
114
114
114
114
115
115
115
115
115
115
115
115
115
115
115
116
116
116
116
116
116
116
116
116
116
116
116
116
117
117
117
117
117
117
117
117
117
118
118
118
118
118
118
118
118
118
118
118
118
118
118
118
118
118
118
118
118
118
118
119
119
119
119
119
119
119
119
119
119
119
119
120
120
120
120
120
120
120
120
120
120
120
120
120
120
120
120
120
120
120
121
121
121
121
121
121
121
121
121
121
121
121
122
122
122
122
122
122
122
122
122
122
122
122
122
122
122
122
122
122
122
123
123
123
123
123
123
123
123
123
123
123
123
123
123
123
123
123
123
124
124
124
124
124
124
124
124
124
124
124
124
124
124
124
124
124
125
125
125
125
125
125
125
125
125
125
126
126
126
126
126
126
126
126
126
126
126
126
126
126
126
126
126
126
127
127
127
127
127
127
127
127
127
127
127
127
127
127
127
127
127
127
127
127
127
127
127
127
127
127
128
128
128
128
128
128
128
128
128
128
128
129
129
129
129
129
129
129
129
129
129
129
129
129
129
129
130
130
130
130
130
130
130
130
130
130
130
130
130
130
130
130
130
130
130
130
130
131
131
131
131
131
131
131
131
131
131
131
131
131
131
131
131
131
132
132
132
132
132
132
132
132
132
132
132
132
132
132
133
133
133
133
133
133
133
133
133
133
133
133
134
134
134
134
134
134
134
134
134
134
134
134
134
134
134
134
134
135
135
135
135
136
136
136
136
136
136
136
136
136
136
136
136
136
136
136
136
136
137
137
137
137
137
137
137
137
137
137
137
137
137
137
137
137
137
138
138
138
138
138
138
138
138
138
138
138
138
138
138
138
138
138
139
139
139
139
139
139
139
139
139
139
139
139
139
139
139
139
140
140
140
140
140
140
140
140
140
140
140
140
140
140
140
140
140
140
140
140
141
141
141
141
141
141
141
141
141
141
141
141
141
141
142
142
142
142
142
142
142
142
142
142
142
142
142
142
142
142
143
143
143
143
143
143
143
143
143
143
143
143
143
144
144
144
144
144
144
144
144
144
144
144
144
144
144
144
144
144
144
144
144
144
145
145
145
145
145
145
145
145
145
145
145
145
145
145
145
145
145
145
146
146
146
146
146
146
146
146
146
146
146
146
146
146
146
146
146
146
146
147
147
147
147
147
147
147
147
147
147
147
147
147
147
147
148
148
148
148
148
148
148
148
148
148
148
148
148
148
148
148
148
148
148
148
149
149
149
149
149
149
149
149
149
149
149
149
149
149
149
149
149
149
149
149
149
149
149
149
150
150
150
150
150
150
150
150
150
150
150
150
150
150
150
150
150
150
150
150
151
151
151
151
151
151
151
151
151
151
151
151
151
151
151
151
152
152
152
152
152
152
152
152
152
152
152
152
152
152
152
152
152
153
153
153
153
153
153
153
153
153
153
153
153
153
153
153
153
153
154
154
154
154
154
154
154
154
154
154
154
154
155
155
155
155
155
155
155
155
155
155
155
155
155
155
155
155
156
156
156
156
156
156
156
156
156
156
156
156
156
156
157
157
157
157
157
157
157
157
157
157
157
157
157
157
157
158
158
158
158
158
158
158
158
158
158
158
159
159
159
159
159
159
159
159
159
159
159
159
159
159
159
159
159
159
159
159
159
159
159
159
159
160
160
160
160
160
160
160
160
160
160
160
160
160
160
160
161
161
161
161
161
161
161
162
162
162
162
162
162
162
162
162
162
162
162
163
163
163
163
163
163
163
163
163
163
163
163
163
163
163
163
163
163
163
163
164
164
164
164
164
164
164
164
164
164
164
164
164
164
165
165
165
165
165
165
165
165
165
165
165
165
165
165
165
166
166
166
166
166
166
166
166
166
166
166
166
166
167
167
167
167
167
167
167
167
168
168
168
168
168
168
168
168
168
168
168
168
168
168
168
168
168
169
169
169
169
169
169
169
169
169
169
169
170
170
170
170
170
170
170
170
170
170
170
170
170
170
170
170
170
171
171
171
171
171
171
171
171
171
171
171
171
171
171
171
171
171
172
172
172
172
172
172
172
172
172
172
173
173
173
173
173
173
173
173
173
173
173
173
173
174
174
174
174
174
174
174
174
174
174
174
174
174
174
174
174
175
175
175
175
175
175
175
175
175
175
175
175
175
175
175
175
176
176
176
176
176
176
176
176
176
176
176
176
176
177
177
177
177
177
177
177
177
177
177
177
177
177
177
177
177
177
177
177
177
177
177
177
177
178
178
178
178
178
178
178
178
178
178
178
178
178
178
179
179
179
179
179
179
179
179
179
179
179
179
179
179
180
180
180
180
180
180
180
180
180
180
181
181
181
181
181
181
181
181
181
181
181
181
181
182
182
182
182
182
182
182
182
182
182
182
182
182
183
183
183
183
183
183
183
183
183
183
183
184
184
184
184
184
184
184
184
184
184
184
184
184
184
184
184
184
184
184
185
185
185
185
185
185
185
185
185
185
185
185
185
185
185
185
185
185
185
185
185
186
186
186
186
186
186
186
186
186
186
186
186
186
186
186
186
186
186
186
187
187
187
187
187
187
187
187
187
187
187
187
188
188
188
188
188
188
188
188
188
188
188
188
188
188
188
188
188
188
189
189
189
189
189
189
189
189
189
189
189
189
189
189
190
190
190
190
190
190
190
190
190
190
190
190
190
190
190
191
191
191
191
191
191
191
191
191
191
191
191
191
191
191
191
191
191
191
191
191
191
192
192
192
192
192
192
192
192
192
192
192
192
192
192
193
193
193
193
193
193
193
193
193
194
194
194
194
194
194
194
194
194
194
194
194
194
195
195
195
195
195
195
195
195
195
195
195
195
195
195
195
195
196
196
196
196
196
196
196
196
196
196
197
197
197
197
197
197
197
197
197
197
197
197
197
197
198
198
198
198
198
198
198
198
198
198
198
198
198
198
198
198
199
199
199
199
199
199
199
199
199
199
199
199
199
199
199
199
200
200
200
200
200
200
200
200
200
200
200
200
200
200
201
201
201
201
201
201
201
201
201
201
201
201
202
202
202
202
202
202
202
202
202
202
202
202
202
202
202
202
202
202
203
203
203
203
203
203
203
203
203
203
203
203
203
203
203
203
203
203
203
203
203
204
204
204
204
204
204
204
204
204
204
204
204
204
204
204
204
204
205
205
205
205
205
205
205
205
205
205
205
205
205
205
205
206
206
206
206
206
206
206
206
206
206
206
206
206
206
206
206
207
207
207
207
207
207
207
207
207
207
207
207
207
207
207
207
207
207
208
208
208
208
208
208
208
208
208
208
208
208
209
209
209
209
209
209
209
209
209
209
209
209
209
209
209
209
209
209
209
210
210
210
210
210
210
210
210
210
210
210
210
210
210
211
211
211
211
211
211
211
211
211
211
211
211
211
211
211
211
211
211
211
211
211
211
212
212
212
212
212
212
212
212
212
212
212
212
212
212
213
213
213
213
213
213
213
213
213
213
213
213
213
213
213
214
214
214
214
214
214
214
214
214
214
214
214
214
214
214
214
214
214
214
214
214
214
215
215
215
215
215
215
215
215
215
215
215
215
215
216
216
216
216
216
216
216
216
216
217
217
217
217
217
217
217
217
217
217
217
217
218
218
218
218
218
218
218
218
218
218
218
218
218
218
218
219
219
219
219
219
219
220
220
220
220
220
220
220
220
220
220
220
220
220
220
220
220
220
221
221
221
221
221
221
221
221
221
221
221
221
221
221
221
221
221
221
221
221
221
221
221
222
222
222
222
222
222
222
222
222
223
223
223
223
223
223
223
223
223
223
223
223
223
223
223
223
224
224
224
224
224
224
224
224
224
224
224
224
224
224
224
224
225
225
225
225
225
225
225
225
225
225
225
225
225
225
225
225
226
226
226
226
226
226
226
226
226
226
226
226
226
226
226
226
227
227
227
227
227
227
227
227
227
227
227
227
227
227
227
227
228
228
228
228
228
228
228
228
228
228
228
228
228
229
229
229
229
229
229
229
229
229
229
229
229
229
229
229
230
230
230
230
230
230
230
230
230
230
230
230
230
230
230
230
231
231
231
231
231
231
231
231
231
231
231
231
231
231
231
231
231
231
231
231
232
232
232
232
232
232
232
232
232
233
233
233
233
233
233
233
233
233
233
234
234
234
234
234
234
234
234
234
234
234
234
234
234
234
235
235
235
235
235
235
235
235
235
235
235
235
235
235
235
236
236
236
236
236
236
236
236
236
236
236
236
236
236
237
237
237
237
237
237
237
237
237
237
237
237
237
237
237
237
237
237
237
237
237
237
238
238
238
238
238
238
238
239
239
239
239
239
239
239
239
239
239
239
239
239
239
240
240
240
240
240
240
240
240
240
240
240
240
240
240
240
241
241
241
241
241
241
241
241
241
241
241
241
241
242
242
242
242
242
242
242
242
242
242
242
242
242
242
242
243
243
243
243
243
243
243
243
243
243
243
243
243
243
243
243
243
243
244
244
244
244
244
244
244
244
244
244
244
244
244
244
244
244
244
244
244
244
244
244
244
245
245
245
245
245
245
245
245
245
245
245
245
245
245
245
245
246
246
246
246
246
246
246
246
246
246
246
246
246
246
246
246
246
246
246
247
247
247
247
247
247
247
247
247
247
247
247
247
247
247
247
247
247
247
248
248
248
248
248
248
248
248
248
248
248
248
248
248
249
249
249
249
249
249
249
249
249
249
249
250
250
250
250
250
250
250
250
250
250
250
250
250
250
250
250
250
250
250
250
251
251
251
251
251
251
251
251
251
251
251
251
251
251
251
251
251
252
252
252
252
252
252
252
252
252
252
252
252
252
252
252
253
253
253
253
253
253
253
253
253
253
253
253
254
254
254
254
254
254
254
254
254
254
254
254
254
254
254
254
254
255
255
255
255
255
255
255
255
255
255
255
255
255
255
255
256
256
256
256
256
256
256
256
256
256
256
256
256
257
257
257
257
257
257
257
257
257
257
257
257
257
257
257
257
257
258
258
258
258
258
258
259
259
259
259
259
259
259
259
259
259
259
259
259
260
260
260
260
260
260
260
260
260
260
260
260
260
261
261
261
261
261
261
261
261
261
261
261
262
262
262
262
262
262
262
262
262
262
262
262
262
262
262
262
263
263
263
263
263
263
263
263
263
263
263
263
263
263
263
263
263
263
263
263
264
264
264
264
264
264
264
264
264
265
265
265
265
265
265
265
265
265
265
265
265
265
265
265
265
265
265
265
266
266
266
266
266
266
266
266
266
266
267
267
267
267
267
267
267
267
267
267
267
267
267
267
267
268
268
268
268
268
268
268
268
268
268
268
268
268
268
269
269
269
269
269
269
269
269
269
269
269
269
269
269
270
270
270
270
270
270
270
270
270
270
270
270
270
271
271
271
271
271
271
271
271
271
271
271
271
271
271
272
272
272
272
272
272
272
272
272
272
272
272
272
272
272
272
272
273
273
273
273
273
273
273
273
273
274
274
274
274
274
274
274
274
274
274
274
274
274
274
274
274
275
275
275
275
275
275
275
275
275
275
275
275
275
275
275
275
276
276
276
276
276
276
276
276
276
276
276
276
276
276
276
276
276
277
277
277
277
277
277
277
277
277
277
277
277
277
277
277
277
278
278
278
278
278
278
278
278
278
278
278
278
278
279
279
279
279
279
279
279
279
279
279
279
279
280
280
280
280
280
280
280
280
280
280
280
280
280
280
280
280
280
280
280
280
280
280
280
281
281
281
281
281
281
281
281
281
281
281
281
282
282
282
282
282
282
282
282
282
282
282
283
283
283
283
283
283
283
283
283
284
284
284
284
284
284
284
284
284
284
284
284
284
284
284
284
284
284
285
285
285
285
285
285
285
285
285
285
285
285
285
286
286
286
286
286
286
286
286
286
286
286
286
286
287
287
287
287
287
287
287
287
287
287
287
287
287
287
287
287
287
287
287
287
287
287
287
287
287
288
288
288
288
288
288
288
288
288
288
288
288
288
288
288
289
289
289
289
289
289
289
289
289
289
289
289
290
290
290
290
290
290
290
290
290
290
290
290
290
290
290
291
291
291
291
291
291
291
291
291
291
291
292
292
292
292
292
292
292
292
292
292
293
293
293
293
293
293
293
293
293
293
293
293
293
294
294
294
294
294
294
294
294
294
294
294
294
294
295
295
295
295
295
295
295
295
295
296
296
296
296
296
296
296
296
296
296
297
297
297
297
297
297
297
297
297
297
297
297
297
297
297
297
297
298
298
298
298
298
298
298
298
298
299
299
299
299
299
299
299
299
299
299
299
299
299
299
299
300
300
300
300
300
300
300
300
300
300
300
300
300
300
301
301
301
301
301
301
302
302
302
302
302
302
302
302
302
302
302
302
303
303
303
303
303
303
303
303
303
303
304
304
304
304
304
304
304
304
304
304
304
304
305
305
305
305
305
305
305
305
305
305
305
305
306
306
306
306
306
306
306
306
306
306
306
306
306
307
307
307
307
307
307
307
307
307
307
307
307
307
308
308
308
308
308
308
308
308
308
308
308
308
309
309
309
309
309
309
309
309
309
309
309
310
310
310
310
310
310
310
310
310
310
310
310
310
310
310
311
311
311
311
311
311
311
311
311
311
311
311
311
311
311
311
312
312
312
312
312
312
312
312
312
312
312
312
312
313
313
313
313
313
313
313
313
314
314
314
314
314
314
314
314
314
314
314
314
315
315
315
315
315
315
315
315
315
315
315
315
315
315
315
315
315
315
315
315
316
316
316
316
316
316
316
316
316
316
316
316
316
316
316
317
317
317
317
317
317
317
317
317
317
317
317
317
317
317
317
318
318
318
318
318
318
318
318
318
318
318
318
318
318
318
318
318
318
318
318
319
319
319
319
319
319
319
319
319
319
319
319
319
319
320
320
320
320
320
320
320
321
321
321
321
321
321
321
321
321
321
322
322
322
322
322
322
322
322
322
322
322
322
322
322
322
323
323
323
323
323
323
323
323
323
323
323
323
323
323
324
324
324
324
324
324
324
324
325
325
325
325
325
325
325
325
325
325
326
326
326
326
326
326
326
326
326
326
326
326
326
326
326
326
327
327
327
327
327
327
327
327
327
327
327
327
327
328
328
328
328
328
328
328
328
328
328
328
328
328
328
329
329
329
329
329
329
329
329
329
329
329
329
329
330
330
330
330
330
330
330
330
330
330
330
330
330
330
331
331
331
331
331
331
332
332
332
332
332
332
332
332
332
332
332
332
332
333
333
333
333
333
333
333
334
334
334
334
334
334
334
334
334
334
334
334
335
335
335
335
335
335
335
335
335
335
335
336
336
336
336
336
336
336
336
336
336
336
336
336
337
337
337
337
337
337
337
337
337
337
337
337
337
338
338
338
338
338
338
339
339
339
339
339
339
339
339
339
339
339
339
339
339
339
339
339
340
340
340
340
340
340
340
340
340
340
341
341
341
341
341
341
341
342
342
342
342
342
342
342
342
342
342
342
342
342
342
342
343
343
343
343
343
343
343
343
343
344
344
344
344
344
344
344
344
345
345
345
345
345
345
345
345
345
345
345
345
345
346
346
346
346
346
346
346
346
346
346
346
346
346
347
347
347
347
347
347
347
348
348
348
348
348
348
348
348
348
348
348
348
348
348
349
349
349
349
349
349
349
349
349
349
350
350
350
350
350
350
350
350
350
351
351
351
351
351
351
351
351
351
351
352
352
352
352
352
352
352
352
352
352
353
353
353
353
353
353
353
353
353
353
353
353
354
354
354
354
354
354
354
354
354
354
354
354
354
354
354
354
355
355
355
355
355
355
355
355
355
355
355
355
355
355
356
356
356
356
356
356
356
356
356
356
356
357
357
357
357
357
357
357
357
357
357
357
357
357
358
358
358
358
358
358
358
358
358
358
359
359
359
359
359
359
359
359
359
359
359
359
360
360
360
360
360
360
360
360
360
360
360
360
360
360
360
360
360
361
361
361
361
361
362
362
362
362
362
362
362
362
363
363
363
363
363
363
363
363
363
363
364
364
364
364
364
364
364
364
364
364
364
364
364
364
364
365
365
365
365
365
365
365
365
366
366
366
366
366
366
366
366
366
366
366
366
367
367
367
367
367
367
367
367
367
367
368
368
368
368
368
368
368
368
368
368
368
368
368
368
369
369
369
369
369
369
370
370
370
370
370
370
370
370
370
370
370
371
371
371
371
371
371
371
371
371
371
371
371
371
371
371
371
372
372
372
372
372
372
372
372
372
372
372
372
372
372
372
372
372
372
373
373
373
373
373
373
373
373
373
373
374
374
374
374
374
374
374
374
374
374
374
375
375
375
375
375
375
375
375
375
375
375
375
376
376
376
376
376
376
376
376
376
377
377
377
377
377
377
377
378
378
378
378
378
378
378
378
378
378
378
378
378
378
378
379
379
379
379
379
379
379
379
379
379
379
379
379
380
380
380
380
380
380
380
380
380
381
381
381
381
381
381
382
382
382
382
382
382
382
382
382
382
383
383
383
383
383
383
383
383
383
383
383
384
384
384
384
384
384
384
384
384
384
384
385
385
385
385
385
386
386
386
386
386
386
386
386
386
386
386
386
386
386
387
387
387
387
387
387
387
387
388
388
388
388
388
388
388
388
388
389
389
389
389
389
389
389
389
389
389
390
390
390
390
390
390
390
390
390
391
391
391
391
391
391
391
391
391
391
391
391
392
392
392
392
392
392
392
392
392
392
393
393
393
393
393
393
394
394
394
394
394
394
394
394
395
395
395
395
395
395
395
395
395
395
395
396
396
396
396
396
396
396
396
396
396
396
396
396
397
397
397
397
397
397
398
398
398
399
399
399
399
399
399
400
400
400
400
400
400
400
400
400
400
400
401
401
401
401
401
401
401
401
402
402
402
402
402
402
402
402
402
402
402
402
402
402
402
403
403
403
403
403
404
404
404
404
404
404
404
404
404
404
404
404
405
405
405
405
405
405
405
405
405
405
406
406
406
406
406
406
406
406
406
406
407
407
407
407
407
407
407
407
407
407
408
408
408
408
408
408
408
408
408
408
408
408
408
408
408
408
408
408
409
409
409
409
409
409
409
409
409
409
410
410
410
410
410
410
410
410
411
411
411
411
411
411
411
411
411
411
412
412
412
412
412
412
412
412
412
412
412
412
412
412
413
413
413
413
413
413
414
414
414
414
414
414
414
415
415
415
415
415
415
415
415
416
416
416
416
416
416
416
416
416
416
417
417
417
417
417
417
417
417
417
418
418
418
418
418
418
418
418
418
419
419
419
419
419
419
419
419
419
419
419
419
419
419
419
420
420
420
420
420
420
420
421
421
421
421
421
421
421
421
421
421
422
422
422
422
422
422
423
423
423
423
423
423
423
423
423
423
423
423
424
424
424
424
424
424
424
424
424
424
424
424
424
425
425
425
425
425
425
425
425
425
425
425
426
426
426
426
426
426
426
426
426
426
426
426
426
426
427
427
427
427
427
427
427
427
427
427
427
427
427
427
428
428
428
428
428
428
428
428
428
429
429
429
429
429
429
429
429
429
429
430
430
430
430
430
430
430
430
430
431
431
431
431
431
431
431
431
431
432
432
432
432
432
432
432
432
432
432
432
432
432
433
433
433
433
433
433
433
433
433
434
434
434
434
434
434
434
434
435
435
435
435
435
435
435
435
435
435
435
435
435
436
436
436
436
436
436
436
436
436
436
436
436
436
436
436
437
437
437
437
437
437
437
437
437
437
437
437
437
437
438
438
438
438
438
438
438
438
438
439
439
439
439
439
439
439
439
439
439
439
439
439
439
440
440
440
440
440
440
440
440
440
441
441
441
441
441
441
441
441
442
442
442
442
442
442
442
442
443
443
443
443
443
443
443
443
443
443
443
443
443
444
444
444
444
444
444
444
444
444
444
444
445
445
445
445
445
445
445
445
445
446
446
446
446
446
447
447
447
447
447
447
447
447
447
447
448
448
448
448
448
448
448
448
448
448
448
449
449
449
449
449
449
449
449
449
449
449
450
450
450
450
450
450
450
450
450
450
451
451
451
451
451
451
451
451
451
451
451
451
452
452
452
452
452
452
452
452
452
452
452
452
453
453
453
453
453
453
453
453
453
453
454
454
454
454
454
454
454
454
455
455
455
455
455
455
455
455
455
456
456
456
456
456
456
456
456
456
456
456
457
457
457
457
457
457
457
457
457
457
457
457
457
457
457
457
457
457
457
457
458
458
458
458
458
458
458
458
458
458
458
458
458
458
459
459
459
459
459
459
459
459
459
459
459
459
459
459
459
459
460
460
460
460
460
460
460
460
460
460
460
461
461
461
461
461
461
461
461
461
461
461
461
461
462
462
462
462
463
463
463
463
463
463
463
464
464
464
464
464
464
464
464
464
464
464
465
465
465
465
465
465
465
465
465
465
465
465
466
466
466
466
466
466
466
466
466
466
466
466
466
466
467
467
467
467
467
467
467
467
467
467
468
468
468
468
469
469
469
469
469
469
469
469
469
469
469
469
469
469
469
469
470
470
470
470
470
470
470
470
470
470
471
471
471
471
471
471
471
471
471
471
471
472
472
472
472
472
472
473
473
473
473
473
473
474
474
474
474
474
474
474
474
474
474
474
474
474
475
475
475
475
475
475
476
476
476
476
476
476
476
476
476
477
477
477
477
477
477
477
477
477
477
477
477
478
478
478
478
478
478
478
478
479
479
479
479
479
479
480
480
480
480
480
480
481
481
481
481
481
481
481
481
481
481
482
482
482
482
482
482
482
482
483
483
483
483
483
484
484
484
484
484
484
484
484
484
484
484
485
485
485
485
485
485
486
486
486
486
486
486
486
486
486
486
487
487
487
487
487
487
488
488
488
488
488
488
488
488
489
489
489
489
489
489
489
489
489
489
489
490
490
490
490
490
490
490
490
490
490
491
491
491
491
491
491
491
491
491
491
491
491
491
492
492
492
492
492
492
492
493
493
493
493
493
494
494
494
494
494
494
494
494
494
495
495
495
495
495
496
496
496
496
496
496
497
497
497
497
497
497
497
497
498
498
498
498
498
498
498
499
499
499
499
499
499
499
499
499
499
500
500
500
500
500
500
500
500
500
500
500
501
501
501
501
501
502
502
502
502
502
502
503
503
503
503
504
504
504
504
504
504
504
504
504
504
504
504
504
505
505
505
505
505
505
506
506
506
506
506
506
506
506
506
506
506
507
507
507
507
507
507
507
508
508
508
508
508
508
509
509
509
509
509
509
509
510
510
510
510
510
510
510
510
510
510
510
511
511
511
511
511
511
511
511
512
512
512
512
512
513
513
513
513
513
513
513
513
513
513
513
513
513
514
514
514
514
514
514
514
514
514
515
515
515
515
515
515
515
515
515
515
515
515
515
516
516
516
516
516
516
516
517
517
517
517
517
517
517
517
517
517
517
518
518
518
518
518
518
518
518
518
518
518
519
519
519
519
519
519
519
519
519
519
519
520
520
520
520
520
520
520
520
520
520
521
521
521
521
521
521
521
521
521
521
522
522
522
523
523
523
523
523
523
523
524
524
524
524
524
524
524
524
525
525
525
525
525
525
525
525
525
526
526
526
526
526
526
527
527
527
527
527
527
527
527
528
528
528
528
528
528
528
528
528
528
529
529
529
529
529
529
529
529
529
529
529
529
530
530
530
530
530
530
530
531
531
531
531
531
531
531
531
531
531
531
531
531
532
532
532
532
532
532
532
532
532
533
533
533
533
533
533
533
533
533
533
533
534
534
534
534
534
534
534
535
535
535
535
535
535
535
536
536
536
536
536
536
536
536
536
536
536
537
537
537
537
538
538
538
538
538
538
539
539
539
539
539
539
540
540
540
540
540
540
540
540
541
541
541
541
541
541
541
541
542
542
542
542
542
542
543
543
543
543
543
543
543
543
543
543
543
544
544
544
544
544
544
545
545
545
546
546
546
546
546
546
547
547
547
547
547
547
547
547
548
548
548
548
548
548
548
548
548
548
549
549
549
549
549
549
549
550
550
550
550
550
550
550
550
551
551
551
551
551
551
551
552
552
552
552
552
552
552
552
552
552
553
553
553
553
553
553
553
553
553
553
553
553
554
554
554
554
554
555
555
555
555
555
555
555
555
555
555
555
556
556
556
556
556
556
556
556
557
557
557
557
558
558
558
558
559
559
559
559
559
559
559
559
559
559
560
560
560
560
561
561
561
561
561
561
562
562
562
562
562
562
562
562
562
562
563
563
563
563
563
563
563
563
563
563
564
564
564
564
564
564
564
564
564
564
564
564
564
564
564
564
564
565
565
565
565
565
565
565
565
565
565
565
565
566
566
566
566
566
566
566
566
566
566
567
567
567
567
567
568
568
568
569
569
569
569
570
570
570
570
570
570
571
571
571
571
571
571
571
571
571
572
572
572
572
572
572
572
572
573
573
573
573
574
574
574
574
574
574
574
574
574
574
574
574
575
575
575
575
575
575
575
576
576
576
576
577
577
577
577
577
577
577
577
577
577
577
577
578
578
578
578
578
578
578
579
579
579
579
579
579
579
579
579
580
580
580
580
581
581
581
581
581
581
582
582
582
582
582
582
582
582
582
583
583
583
583
583
583
583
583
583
583
584
584
584
584
584
584
584
584
584
584
584
584
585
585
585
585
585
585
586
586
586
586
587
587
587
587
587
587
587
587
587
587
587
588
588
588
588
588
588
588
588
588
588
589
589
589
589
589
589
589
589
589
590
590
590
590
590
590
590
590
590
590
590
591
591
591
591
591
591
591
591
591
591
591
592
592
592
592
592
592
592
592
592
592
592
592
593
593
593
593
593
593
593
593
593
593
593
593
593
593
593
593
594
594
594
594
594
594
594
595
595
595
595
595
595
595
595
595
595
595
596
596
596
596
596
597
597
597
597
597
597
597
597
597
598
598
598
598
599
599
599
599
599
599
599
599
600
600
600
600
600
600
600
600
600
600
601
601
601
601
601
601
602
602
602
602
602
602
602
602
602
603
603
603
603
603
603
604
604
604
604
604
604
604
605
605
605
605
605
605
605
605
605
605
606
606
606
606
606
606
606
607
607
607
607
607
607
608
608
608
608
608
608
608
609
609
609
609
609
609
610
610
610
610
610
610
611
611
611
611
611
611
612
612
612
612
612
612
612
612
612
613
613
613
613
613
613
613
613
613
614
614
614
614
614
614
614
614
614
614
614
614
615
615
615
615
615
615
615
616
616
616
616
616
616
616
616
617
617
617
617
617
617
617
617
618
618
618
618
618
618
618
619
619
619
619
619
619
619
620
620
620
620
620
620
620
620
620
620
620
621
621
621
621
621
621
622
622
622
622
622
622
622
622
622
623
623
623
623
623
623
623
623
624
624
624
624
624
624
625
625
625
625
625
625
625
625
625
625
625
625
625
625
625
625
625
626
626
626
626
626
627
627
627
627
627
627
627
627
627
628
628
628
628
628
628
629
629
629
629
629
629
630
630
630
630
630
630
630
631
631
631
631
631
632
632
632
632
632
632
632
633
633
633
633
633
633
633
634
634
634
634
634
634
634
634
635
635
635
635
635
635
635
635
635
636
636
636
636
636
636
636
636
637
637
637
637
637
637
637
638
638
638
638
638
638
638
638
640
640
640
640
641
641
641
641
641
642
642
642
642
642
642
642
642
642
643
643
643
643
643
644
644
644
644
644
644
644
644
645
645
645
646
646
646
646
646
646
646
647
647
647
647
647
647
647
647
647
647
647
648
648
648
648
648
648
648
648
649
649
649
649
649
649
649
649
649
649
649
649
650
650
650
650
650
651
651
651
651
651
651
651
651
651
651
651
651
652
652
652
652
652
652
652
652
653
653
653
653
653
653
653
653
653
653
653
653
653
654
654
655
655
655
656
656
656
656
656
656
656
656
656
657
657
657
657
657
657
658
658
658
658
659
659
659
659
659
659
659
659
659
659
659
660
661
662
662
662
662
662
662
662
662
662
662
662
662
662
663
663
663
663
663
663
664
664
664
664
664
664
664
664
665
665
665
665
665
666
666
666
666
666
666
667
667
667
667
667
667
667
668
668
668
668
668
668
668
668
668
668
668
669
669
669
669
670
670
670
670
670
670
670
670
670
671
671
671
671
671
671
671
672
672
672
672
672
672
672
673
673
673
673
673
673
674
674
674
675
675
675
675
675
675
675
676
676
676
676
676
676
676
676
676
676
676
677
677
677
678
678
678
678
678
678
678
678
678
678
679
679
679
679
679
680
680
680
680
680
680
680
680
680
680
680
681
681
681
681
681
681
682
682
682
682
683
683
683
684
684
684
684
684
684
684
684
684
685
685
685
685
685
685
685
685
685
685
686
686
686
686
686
686
686
687
687
687
687
687
687
688
688
688
688
688
688
688
689
689
689
689
690
690
691
691
691
691
691
692
692
692
692
692
692
693
693
693
693
693
693
694
694
694
695
695
695
695
695
695
695
695
695
695
696
696
696
696
696
696
696
696
696
696
696
697
697
697
697
697
697
698
698
698
698
698
698
699
699
699
699
700
700
700
700
700
700
700
700
700
701
701
702
702
702
702
703
703
703
703
703
703
703
704
704
704
704
704
704
704
704
704
705
705
705
705
705
705
705
705
706
706
706
706
706
706
707
707
707
707
707
707
707
707
707
707
707
707
707
708
708
708
708
708
708
708
709
709
709
709
709
709
709
710
710
710
710
710
710
710
710
710
710
711
711
711
711
711
711
711
711
711
712
712
712
712
713
713
713
713
713
714
714
714
714
714
714
714
714
714
714
714
714
714
714
714
715
715
715
715
716
716
716
716
716
716
716
716
716
716
716
716
716
716
717
717
717
717
717
717
717
717
717
718
718
718
718
718
718
719
719
719
719
719
720
720
720
720
720
720
720
720
720
720
720
720
720
720
721
721
721
721
721
721
721
721
721
722
722
722
722
722
723
723
723
723
723
723
723
724
724
724
724
724
724
724
725
725
725
725
725
726
726
726
726
726
726
726
727
727
727
727
727
727
728
728
728
728
728
729
729
729
729
729
730
730
730
730
730
731
731
731
731
732
732
733
733
733
733
734
734
734
734
734
734
734
734
734
734
734
735
735
735
735
735
735
735
736
736
736
736
736
737
737
737
737
737
737
738
738
738
738
738
738
738
738
739
739
739
739
739
740
740
740
740
740
740
741
741
741
742
742
742
742
743
743
743
743
743
743
743
743
743
743
744
744
744
744
744
745
745
745
745
746
746
746
746
746
746
746
747
747
747
747
747
747
747
747
748
748
748
748
748
749
749
750
750
750
750
750
750
750
751
751
752
752
753
754
754
754
754
754
754
754
754
755
755
755
755
755
755
755
756
756
756
757
758
758
758
759
759
759
759
759
759
759
759
759
760
761
761
761
761
761
761
761
761
762
762
762
762
762
762
763
763
763
763
763
764
764
764
764
765
765
765
765
765
765
765
766
766
766
766
766
766
766
766
766
767
767
767
768
768
768
768
768
768
768
768
769
769
769
769
769
769
770
770
770
771
771
771
771
771
771
771
772
772
772
772
772
772
772
772
772
772
773
773
773
773
773
774
774
774
774
775
775
775
775
775
775
776
776
776
777
777
777
777
778
778
778
778
778
779
779
779
780
780
780
780
781
781
781
781
781
781
781
781
781
781
781
782
782
782
782
782
783
783
783
783
783
783
783
784
784
784
784
784
784
784
784
784
785
785
785
785
785
785
785
785
786
786
786
786
786
786
787
787
787
787
787
787
787
788
788
788
788
788
788
788
788
789
789
789
789
789
789
789
789
790
790
790
790
791
791
791
791
791
791
791
792
792
792
792
792
792
792
792
792
792
792
793
794
794
794
794
794
794
794
794
794
794
795
795
795
796
796
796
796
796
796
797
797
797
797
798
798
798
798
798
798
798
799
799
799
799
799
799
799
799
799
799
800
800
800
800
800
800
800
801
801
801
801
801
802
802
802
803
803
803
803
803
804
804
804
804
804
804
804
805
805
805
805
805
806
806
806
806
806
806
806
806
806
807
807
807
807
807
807
807
807
807
807
807
807
807
808
808
808
808
808
808
808
808
808
808
808
808
808
808
809
809
809
809
809
809
810
810
810
810
810
811
811
811
812
812
812
812
813
813
813
813
813
813
814
814
814
815
815
815
815
815
815
815
815
816
816
816
817
817
817
817
817
817
817
817
817
817
817
818
818
818
818
818
818
819
819
819
819
819
819
819
819
820
820
820
820
820
820
820
821
821
821
822
822
822
823
823
824
825
825
825
825
825
825
825
825
825
825
826
826
826
826
826
826
826
826
827
827
827
827
827
828
828
828
828
829
829
829
829
829
830
830
830
831
831
831
831
832
832
832
832
832
833
833
833
833
833
833
833
833
834
834
834
834
834
834
835
835
835
835
836
836
836
836
836
836
837
837
837
837
837
837
838
838
838
838
838
838
838
838
839
839
839
839
839
839
840
840
840
840
840
840
840
840
840
840
840
840
840
841
841
841
841
842
842
842
842
842
842
842
842
843
843
843
843
843
843
844
844
844
844
844
845
845
845
845
845
845
845
845
845
846
846
847
847
847
847
847
847
848
848
848
848
848
848
848
849
849
849
849
850
850
850
850
850
850
850
851
851
851
851
851
851
852
852
852
852
853
853
854
854
854
854
854
855
855
855
855
855
855
855
855
855
856
856
856
857
857
857
857
857
858
858
858
858
859
859
859
859
859
859
859
859
860
860
860
860
861
861
861
861
862
862
862
862
862
862
862
862
863
863
863
863
863
863
864
864
865
865
865
865
865
865
865
866
866
866
866
866
867
867
867
867
867
868
868
868
868
868
868
868
869
869
869
869
870
870
870
870
870
871
871
871
871
871
872
872
872
872
873
873
873
873
874
874
874
874
874
875
875
875
875
875
875
875
875
876
876
876
876
876
876
877
877
877
877
877
877
877
878
878
878
878
878
878
878
879
879
879
879
879
879
880
880
880
880
880
880
880
880
880
881
881
881
881
881
881
881
882
882
882
882
882
882
883
883
883
883
883
883
883
884
884
884
884
884
884
884
885
885
885
885
886
886
886
886
886
886
886
886
887
887
887
887
888
888
888
888
888
889
889
890
890
890
890
890
891
891
891
891
892
892
892
892
893
893
893
893
894
894
894
894
894
895
895
895
896
896
896
896
897
897
898
898
898
898
898
898
899
899
899
899
899
900
900
900
900
900
901
901
901
901
901
901
901
902
902
902
902
902
903
903
903
903
903
903
903
903
903
903
904
904
904
904
904
904
904
904
905
905
905
905
905
906
906
906
907
907
907
907
907
907
908
908
909
909
909
909
909
910
910
910
910
910
910
911
911
911
912
912
913
913
913
913
914
914
914
914
915
915
915
915
915
915
915
915
915
916
916
916
916
916
916
916
916
917
917
917
917
917
917
917
917
918
918
919
919
919
919
920
920
920
920
921
921
921
921
921
922
922
922
922
922
922
922
922
923
923
923
923
923
923
924
924
924
925
925
925
925
925
925
926
926
926
926
927
927
927
928
928
928
928
928
928
929
929
929
929
930
930
930
930
930
930
931
931
931
932
932
932
932
933
933
933
933
933
933
934
934
934
935
935
935
935
935
936
936
936
936
936
936
936
937
937
938
938
938
938
938
938
939
939
939
939
940
940
940
940
941
941
941
941
941
942
942
943
943
943
943
943
944
944
944
944
944
944
944
944
944
945
945
945
945
945
946
946
946
946
946
946
946
947
947
947
947
947
947
947
947
947
947
948
948
948
949
949
949
950
950
950
950
950
950
950
951
951
951
952
952
952
952
952
953
953
954
954
954
954
954
954
954
954
954
955
955
955
955
955
956
956
956
956
956
956
956
956
957
957
957
957
957
957
958
958
958
959
959
959
959
959
959
959
960
960
960
960
960
961
961
961
962
962
962
962
963
963
963
963
963
963
963
963
964
964
964
964
964
964
964
964
965
965
965
966
966
966
966
966
966
967
968
968
968
968
968
969
969
969
969
969
970
970
970
971
971
971
971
971
972
973
973
973
973
973
973
974
975
975
975
975
975
975
976
976
976
976
976
977
977
977
977
977
977
978
978
978
979
979
979
980
980
980
980
980
980
980
980
980
981
981
981
981
981
981
981
981
982
982
982
982
982
983
983
983
983
983
984
984
984
984
984
984
985
985
986
986
986
987
987
987
987
987
987
988
988
988
988
989
989
989
989
989
989
990
990
990
990
990
991
991
991
991
991
991
991
992
992
992
993
993
993
993
994
994
994
995
995
995
996
996
997
997
997
997
998
998
998
998
998
998
998
999
999
999
1000
1000
1000
1000
1000
1000
1001
1001
1001
1001
1001
1002
1002
1002
1002
1002
1003
1003
1004
1005
1005
1005
1005
1005
1006
1006
1006
1006
1006
1006
1007
1007
1007
1008
1008
1008
1008
1009
1009
1009
1010
1010
1010
1010
1010
1011
1011
1011
1011
1011
1011
1011
1011
1011
1011
1011
1012
1012
1012
1012
1012
1012
1012
1013
1013
1013
1013
1014
1014
1014
1014
1014
1014
1014
1015
1015
1015
1015
1015
1015
1015
1015
1015
1016
1016
1017
1017
1017
1017
1018
1019
1019
1019
1020
1020
1021
1021
1021
1021
1021
1021
1021
1022
1022
1022
1022
1022
1023
1023
1023
1023
1023
1023
1023
1024
1024
1024
1025
1025
1025
1026
1026
1026
1026
1026
1026
1027
1027
1028
1028
1028
1028
1028
1028
1028
1028
1029
1030
1030
1030
1031
1031
1031
1031
1032
1032
1032
1033
1033
1033
1033
1033
1034
1034
1034
1034
1035
1036
1036
1036
1036
1036
1037
1037
1037
1038
1038
1038
1038
1038
1038
1038
1038
1038
1038
1039
1039
1039
1040
1040
1040
1041
1041
1041
1041
1042
1042
1043
1043
1043
1043
1044
1044
1045
1045
1045
1045
1046
1046
1046
1046
1047
1047
1047
1047
1047
1048
1048
1048
1048
1048
1049
1049
1049
1049
1050
1050
1050
1050
1051
1051
1051
1051
1052
1052
1052
1052
1052
1052
1052
1053
1054
1054
1054
1054
1054
1054
1054
1055
1055
1055
1055
1055
1055
1055
1055
1055
1055
1055
1056
1056
1056
1056
1057
1058
1058
1059
1059
1060
1060
1060
1061
1061
1061
1061
1061
1062
1062
1062
1062
1062
1062
1062
1063
1063
1063
1064
1064
1064
1065
1065
1065
1065
1065
1065
1065
1065
1065
1066
1066
1066
1066
1066
1066
1067
1067
1068
1068
1068
1068
1069
1070
1070
1070
1070
1071
1071
1071
1071
1071
1071
1071
1071
1072
1072
1072
1073
1073
1073
1073
1074
1074
1074
1075
1075
1075
1075
1076
1076
1076
1077
1078
1079
1079
1079
1079
1079
1080
1080
1080
1080
1081
1081
1081
1081
1081
1081
1081
1082
1082
1082
1082
1082
1082
1083
1083
1083
1083
1085
1085
1086
1086
1087
1087
1088
1088
1088
1088
1088
1088
1089
1089
1089
1089
1089
1089
1089
1090
1090
1090
1090
1090
1090
1091
1091
1091
1091
1091
1091
1092
1092
1093
1094
1094
1094
1095
1095
1095
1095
1096
1096
1096
1097
1097
1098
1098
1098
1099
1099
1099
1099
1099
1100
1100
1100
1101
1101
1101
1101
1101
1101
1102
1102
1102
1102
1103
1103
1103
1103
1103
1103
1104
1104
1104
1104
1104
1104
1104
1105
1105
1105
1105
1106
1106
1106
1107
1107
1107
1107
1107
1107
1108
1108
1108
1108
1109
1109
1109
1109
1110
1110
1110
1110
1111
1111
1111
1111
1111
1112
1112
1112
1113
1113
1113
1113
1113
1114
1115
1115
1115
1116
1116
1116
1116
1116
1117
1117
1117
1118
1118
1118
1119
1119
1119
1119
1119
1120
1120
1120
1120
1121
1122
1122
1122
1123
1123
1124
1124
1124
1124
1124
1125
1125
1125
1125
1126
1126
1126
1126
1126
1126
1127
1127
1127
1128
1129
1129
1129
1129
1130
1130
1130
1130
1131
1131
1132
1132
1133
1133
1133
1133
1133
1134
1134
1134
1134
1134
1134
1135
1135
1135
1135
1136
1136
1136
1136
1136
1136
1137
1137
1137
1137
1138
1138
1138
1139
1139
1139
1139
1139
1140
1140
1140
1140
1141
1141
1141
1142
1142
1143
1143
1143
1144
1144
1144
1145
1145
1145
1146
1146
1146
1147
1147
1147
1147
1147
1147
1147
1148
1148
1148
1148
1148
1148
1149
1149
1149
1149
1149
1149
1149
1150
1151
1152
1152
1152
1153
1153
1153
1153
1153
1153
1153
1153
1153
1154
1155
1155
1156
1156
1156
1157
1157
1158
1158
1158
1158
1158
1158
1158
1159
1159
1159
1160
1160
1160
1160
1160
1161
1161
1161
1161
1161
1162
1162
1162
1162
1162
1162
1162
1162
1163
1163
1163
1163
1164
1164
1164
1165
1165
1165
1165
1165
1166
1166
1166
1166
1166
1168
1168
1168
1168
1169
1169
1170
1171
1171
1171
1171
1171
1172
1172
1172
1173
1173
1173
1173
1173
1173
1174
1174
1175
1175
1175
1176
1176
1177
1177
1177
1177
1177
1178
1179
1179
1181
1181
1182
1182
1182
1182
1183
1183
1183
1183
1183
1183
1184
1184
1186
1186
1187
1187
1187
1187
1187
1187
1188
1188
1189
1189
1190
1190
1190
1190
1190
1190
1190
1191
1191
1191
1192
1192
1192
1192
1192
1192
1193
1193
1193
1193
1193
1193
1194
1194
1195
1195
1195
1195
1195
1196
1196
1196
1197
1197
1197
1198
1198
1198
1199
1199
1199
1199
1199
1200
1200
1200
1200
1200
1200
1201
1201
1202
1202
1202
1202
1203
1203
1203
1204
1204
1204
1204
1204
1204
1204
1205
1205
1206
1206
1207
1207
1208
1209
1209
1209
1209
1209
1209
1209
1210
1210
1210
1210
1210
1211
1211
1211
1211
1212
1212
1212
1212
1212
1213
1213
1213
1213
1213
1214
1214
1214
1214
1214
1215
1215
1215
1215
1216
1216
1216
1216
1217
1217
1217
1218
1218
1218
1218
1219
1219
1219
1219
1219
1220
1220
1221
1221
1222
1222
1223
1223
1224
1224
1225
1225
1225
1226
1226
1227
1227
1227
1227
1229
1229
1230
1230
1230
1230
1230
1231
1232
1232
1232
1233
1233
1233
1233
1234
1234
1234
1234
1234
1235
1235
1235
1236
1236
1236
1237
1237
1237
1238
1238
1238
1238
1238
1239
1239
1239
1239
1240
1240
1241
1241
1241
1241
1242
1242
1242
1242
1243
1243
1243
1243
1243
1244
1244
1244
1244
1244
1244
1244
1244
1245
1246
1246
1247
1247
1247
1247
1247
1247
1248
1248
1249
1249
1249
1249
1250
1250
1250
1250
1251
1252
1252
1253
1253
1254
1254
1254
1255
1255
1255
1255
1256
1256
1256
1257
1257
1258
1258
1258
1258
1258
1258
1259
1259
1259
1259
1260
1260
1260
1261
1261
1261
1261
1262
1262
1263
1263
1264
1264
1264
1265
1265
1265
1265
1266
1266
1267
1267
1267
1267
1267
1268
1268
1269
1269
1269
1270
1270
1270
1270
1271
1271
1271
1271
1272
1272
1272
1272
1272
1273
1273
1274
1274
1274
1275
1275
1275
1275
1276
1276
1276
1276
1277
1277
1278
1278
1278
1278
1278
1278
1278
1279
1279
1279
1279
1279
1280
1281
1281
1281
1281
1281
1282
1283
1283
1283
1283
1283
1283
1284
1284
1284
1284
1285
1285
1285
1285
1285
1285
1286
1286
1286
1286
1287
1287
1287
1287
1288
1288
1288
1288
1289
1289
1290
1290
1290
1290
1290
1290
1291
1291
1293
1293
1294
1294
1294
1295
1295
1295
1295
1296
1296
1296
1296
1297
1297
1298
1298
1298
1298
1298
1298
1298
1298
1300
1300
1300
1300
1300
1301
1301
1301
1302
1302
1303
1303
1303
1303
1303
1303
1304
1304
1305
1305
1305
1305
1305
1305
1305
1306
1306
1306
1306
1307
1307
1308
1309
1309
1310
1310
1310
1310
1312
1313
1313
1313
1313
1313
1313
1313
1314
1314
1314
1314
1314
1315
1315
1316
1316
1317
1317
1317
1317
1318
1318
1318
1318
1318
1319
1319
1319
1319
1320
1320
1321
1321
1322
1322
1322
1323
1323
1323
1324
1324
1325
1325
1325
1326
1326
1326
1326
1326
1328
1328
1328
1329
1329
1329
1330
1330
1330
1330
1331
1333
1333
1333
1333
1334
1334
1334
1334
1334
1334
1335
1335
1335
1336
1337
1337
1338
1338
1338
1338
1339
1339
1339
1340
1340
1340
1340
1341
1341
1342
1342
1342
1342
1342
1342
1342
1342
1343
1344
1344
1344
1344
1344
1345
1345
1345
1345
1346
1346
1346
1347
1347
1348
1348
1348
1348
1349
1349
1349
1349
1349
1350
1351
1351
1351
1351
1352
1352
1352
1353
1353
1353
1354
1355
1355
1355
1356
1357
1357
1357
1357
1357
1357
1358
1358
1358
1358
1358
1358
1358
1360
1361
1361
1362
1362
1363
1364
1364
1364
1364
1364
1364
1364
1365
1365
1365
1365
1365
1365
1366
1366
1366
1366
1367
1367
1367
1367
1367
1367
1367
1368
1368
1368
1369
1369
1369
1370
1370
1371
1371
1371
1372
1373
1373
1373
1374
1374
1374
1374
1375
1375
1375
1375
1375
1376
1376
1376
1376
1376
1377
1377
1377
1377
1377
1378
1378
1378
1378
1378
1378
1379
1379
1379
1380
1381
1381
1381
1381
1382
1382
1382
1382
1382
1382
1382
1383
1384
1384
1385
1385
1386
1386
1386
1386
1386
1387
1387
1388
1389
1389
1389
1390
1390
1390
1391
1391
1393
1393
1393
1394
1395
1395
1395
1395
1396
1396
1396
1396
1396
1396
1397
1397
1397
1398
1398
1398
1398
1398
1398
1398
1398
1398
1398
1399
1400
1400
1400
1400
1401
1401
1402
1402
1403
1403
1403
1406
1406
1406
1407
1408
1409
1409
1410
1410
1410
1411
1411
1411
1411
1411
1411
1412
1412
1412
1413
1414
1414
1414
1414
1415
1415
1415
1415
1416
1416
1417
1417
1417
1418
1418
1418
1418
1419
1420
1420
1420
1421
1421
1422
1422
1422
1423
1423
1424
1424
1424
1425
1426
1426
1426
1426
1426
1427
1427
1427
1428
1428
1429
1429
1429
1429
1430
1430
1431
1431
1432
1432
1433
1433
1433
1433
1434
1434
1435
1435
1435
1436
1436
1436
1437
1437
1437
1438
1438
1438
1438
1439
1439
1439
1440
1440
1440
1440
1441
1441
1441
1441
1442
1442
1442
1443
1444
1444
1445
1446
1446
1446
1446
1447
1447
1447
1449
1449
1449
1449
1450
1450
1450
1450
1451
1451
1451
1451
1452
1453
1453
1454
1454
1454
1454
1455
1456
1456
1456
1456
1456
1457
1457
1458
1458
1459
1459
1459
1460
1460
1461
1461
1461
1461
1462
1463
1463
1463
1463
1464
1464
1465
1465
1465
1466
1466
1466
1467
1467
1469
1469
1469
1470
1470
1470
1471
1471
1473
1474
1474
1475
1475
1476
1477
1478
1478
1479
1480
1480
1480
1480
1481
1481
1482
1482
1482
1482
1483
1483
1483
1483
1484
1485
1485
1486
1486
1487
1487
1487
1488
1488
1488
1488
1489
1489
1490
1490
1490
1491
1491
1491
1492
1492
1492
1493
1493
1493
1495
1495
1496
1496
1496
1496
1497
1497
1497
1498
1498
1498
1501
1502
1502
1502
1502
1503
1503
1503
1504
1504
1504
1504
1505
1505
1505
1505
1505
1505
1506
1506
1506
1506
1507
1508
1508
1508
1508
1508
1509
1510
1512
1512
1513
1513
1514
1514
1514
1515
1516
1517
1519
1519
1520
1520
1520
1521
1521
1522
1522
1523
1523
1523
1524
1525
1525
1527
1527
1528
1528
1528
1528
1529
1529
1529
1529
1530
1530
1531
1531
1532
1532
1532
1532
1532
1533
1533
1533
1534
1534
1535
1535
1535
1536
1536
1537
1537
1537
1537
1537
1537
1539
1539
1539
1539
1540
1540
1541
1541
1541
1541
1543
1544
1544
1544
1544
1545
1545
1545
1545
1545
1545
1545
1545
1546
1546
1546
1546
1546
1547
1547
1547
1548
1548
1549
1549
1549
1549
1550
1550
1550
1550
1550
1550
1551
1551
1551
1552
1553
1553
1554
1555
1555
1556
1556
1556
1557
1557
1557
1558
1558
1558
1558
1559
1559
1559
1559
1560
1562
1562
1562
1563
1563
1564
1564
1565
1565
1567
1567
1567
1568
1568
1568
1568
1569
1570
1570
1570
1570
1570
1571
1572
1572
1572
1573
1574
1574
1575
1575
1576
1576
1578
1578
1578
1578
1579
1579
1580
1581
1582
1583
1583
1583
1584
1584
1584
1584
1584
1584
1585
1585
1585
1585
1586
1586
1586
1587
1587
1588
1588
1588
1588
1589
1589
1590
1590
1590
1590
1591
1591
1592
1592
1592
1593
1593
1593
1594
1594
1594
1594
1594
1595
1595
1595
1595
1596
1597
1598
1598
1598
1599
1600
1602
1602
1602
1603
1603
1603
1604
1604
1605
1605
1605
1606
1606
1607
1607
1607
1609
1610
1611
1611
1611
1613
1614
1615
1616
1616
1616
1616
1617
1617
1618
1618
1619
1619
1619
1619
1619
1620
1620
1620
1620
1620
1620
1620
1621
1621
1623
1623
1623
1624
1624
1624
1625
1626
1627
1627
1627
1627
1627
1628
1629
1629
1630
1630
1630
1630
1631
1631
1631
1631
1631
1632
1632
1632
1632
1633
1633
1633
1634
1634
1634
1634
1635
1635
1636
1636
1636
1637
1637
1637
1637
1639
1640
1640
1640
1640
1640
1641
1641
1642
1642
1643
1643
1644
1644
1644
1644
1645
1645
1645
1645
1646
1647
1647
1649
1649
1649
1650
1650
1650
1650
1651
1651
1652
1653
1653
1653
1653
1654
1654
1654
1655
1656
1656
1657
1657
1657
1658
1658
1658
1658
1659
1659
1660
1660
1661
1661
1662
1663
1663
1664
1664
1664
1664
1664
1665
1666
1666
1667
1668
1668
1668
1669
1669
1669
1669
1670
1670
1670
1672
1672
1672
1673
1674
1674
1675
1675
1675
1675
1676
1676
1677
1677
1677
1678
1678
1679
1679
1680
1681
1681
1682
1682
1683
1684
1684
1685
1685
1685
1685
1686
1686
1686
1686
1687
1688
1689
1690
1690
1691
1693
1693
1693
1693
1694
1695
1695
1695
1695
1695
1695
1696
1696
1696
1696
1697
1697
1698
1699
1699
1700
1700
1701
1701
1701
1701
1702
1703
1704
1705
1705
1705
1706
1707
1707
1707
1708
1709
1711
1711
1712
1712
1712
1713
1713
1713
1713
1713
1714
1716
1717
1717
1717
1718
1719
1721
1721
1721
1722
1722
1722
1723
1723
1724
1724
1725
1726
1726
1726
1726
1726
1728
1728
1729
1729
1730
1730
1731
1732
1732
1733
1733
1733
1733
1735
1735
1735
1735
1736
1737
1737
1738
1738
1739
1739
1740
1740
1740
1740
1741
1742
1742
1742
1744
1744
1744
1745
1745
1745
1746
1746
1747
1747
1749
1749
1750
1751
1751
1751
1751
1752
1752
1753
1754
1754
1755
1755
1755
1755
1756
1756
1756
1756
1756
1758
1758
1758
1759
1760
1761
1761
1761
1762
1762
1762
1762
1763
1764
1764
1764
1765
1765
1765
1766
1766
1767
1768
1768
1768
1769
1769
1770
1770
1771
1772
1773
1774
1774
1775
1776
1778
1780
1781
1781
1781
1781
1782
1782
1782
1782
1782
1783
1783
1783
1783
1784
1784
1784
1784
1786
1788
1788
1788
1788
1789
1790
1790
1791
1792
1793
1793
1793
1794
1795
1796
1796
1797
1797
1797
1797
1798
1799
1799
1800
1800
1801
1801
1801
1801
1802
1802
1804
1804
1804
1805
1805
1805
1805
1805
1806
1806
1807
1807
1807
1808
1809
1809
1809
1809
1810
1810
1810
1811
1812
1812
1812
1813
1813
1813
1813
1814
1814
1814
1815
1815
1815
1815
1816
1817
1817
1818
1818
1818
1818
1819
1820
1821
1821
1821
1821
1821
1822
1822
1822
1822
1823
1823
1824
1824
1825
1825
1825
1826
1826
1827
1827
1827
1828
1829
1829
1830
1830
1830
1831
1831
1831
1832
1832
1833
1833
1834
1834
1834
1837
1838
1838
1839
1839
1840
1840
1841
1842
1842
1842
1842
1843
1843
1844
1844
1844
1844
1845
1845
1845
1845
1846
1846
1846
1847
1847
1848
1849
1849
1850
1850
1850
1850
1850
1850
1850
1851
1852
1853
1853
1853
1853
1854
1854
1854
1855
1855
1855
1855
1855
1856
1856
1857
1857
1859
1859
1859
1859
1860
1860
1861
1862
1863
1863
1863
1864
1865
1865
1866
1867
1867
1867
1867
1868
1869
1871
1871
1872
1872
1873
1873
1873
1873
1873
1874
1874
1875
1875
1876
1876
1876
1877
1878
1878
1878
1878
1878
1879
1880
1880
1881
1881
1881
1882
1882
1883
1883
1883
1884
1884
1886
1886
1886
1887
1887
1887
1887
1887
1887
1888
1888
1888
1889
1889
1890
1891
1891
1892
1892
1892
1893
1893
1893
1893
1894
1895
1895
1895
1895
1896
1897
1897
1897
1898
1898
1898
1898
1899
1900
1901
1901
1902
1902
1902
1903
1903
1903
1905
1905
1906
1907
1907
1907
1907
1908
1908
1908
1910
1911
1911
1912
1913
1914
1915
1916
1917
1917
1917
1917
1918
1919
1919
1921
1921
1921
1923
1923
1924
1924
1924
1925
1925
1926
1926
1926
1926
1927
1928
1929
1930
1930
1931
1931
1931
1932
1932
1932
1932
1933
1933
1933
1933
1934
1935
1935
1935
1935
1936
1936
1936
1936
1936
1936
1936
1937
1937
1937
1937
1938
1938
1938
1938
1939
1940
1941
1941
1942
1942
1943
1943
1943
1944
1944
1944
1945
1946
1946
1946
1948
1949
1949
1949
1949
1950
1950
1950
1951
1951
1952
1952
1952
1952
1952
1952
1953
1956
1956
1957
1957
1957
1958
1958
1958
1958
1958
1959
1959
1960
1960
1960
1960
1960
1960
1961
1961
1962
1964
1965
1965
1966
1966
1967
1967
1968
1968
1969
1970
1970
1970
1971
1971
1971
1972
1972
1972
1973
1974
1974
1976
1976
1977
1978
1979
1979
1979
1979
1979
1980
1981
1981
1981
1981
1982
1982
1982
1983
1983
1983
1983
1983
1984
1984
1986
1986
1986
1986
1987
1988
1988
1988
1989
1989
1991
1991
1991
1992
1993
1993
1994
1994
1994
1994
1995
1995
1995
1996
1996
1997
1997
1997
1998
1998
1998
1999
1999
1999
2000
2000
2001
2003
2004
2005
2005
2005
2005
2005
2006
2006
2007
2007
2007
2008
2009
2009
2009
2011
2011
2012
2014
2015
2015
2016
2016
2017
2017
2017
2017
2017
2018
2019
2019
2020
2020
2020
2021
2023
2023
2024
2024
2025
2025
2025
2025
2026
2027
2027
2028
2028
2029
2029
2029
2030
2030
2030
2031
2032
2033
2033
2034
2035
2035
2035
2036
2037
2037
2037
2038
2040
2041
2041
2042
2042
2042
2043
2043
2043
2044
2044
2044
2044
2045
2045
2046
2046
2047
2047
2047
2047
2048
2048
2049
2049
2050
2050
2050
2050
2051
2051
2052
2052
2053
2055
2055
2055
2055
2056
2056
2058
2058
2059
2060
2061
2061
2061
2063
2063
2063
2064
2065
2066
2068
2068
2070
2070
2070
2070
2070
2071
2071
2071
2071
2072
2074
2074
2076
2076
2077
2078
2078
2079
2081
2082
2083
2083
2084
2085
2085
2085
2086
2086
2087
2088
2089
2089
2090
2091
2091
2092
2092
2092
2093
2093
2093
2095
2095
2096
2096
2096
2096
2097
2097
2097
2097
2099
2101
2102
2102
2102
2102
2104
2104
2106
2106
2107
2107
2107
2108
2109
2110
2111
2111
2113
2113
2114
2115
2115
2116
2117
2117
2117
2117
2118
2119
2120
2120
2121
2121
2121
2121
2122
2122
2122
2123
2124
2124
2124
2124
2124
2125
2126
2127
2128
2128
2129
2129
2129
2129
2130
2130
2131
2131
2133
2134
2134
2135
2136
2137
2137
2138
2138
2138
2138
2139
2140
2141
2141
2141
2142
2142
2143
2143
2143
2144
2144
2145
2145
2146
2146
2147
2148
2148
2148
2148
2148
2148
2148
2148
2148
2149
2150
2150
2150
2150
2151
2152
2152
2154
2154
2154
2156
2156
2157
2157
2158
2158
2159
2159
2160
2160
2161
2161
2162
2162
2162
2162
2163
2164
2164
2164
2165
2165
2165
2167
2168
2168
2168
2168
2169
2170
2173
2173
2174
2174
2174
2175
2175
2177
2179
2179
2180
2180
2180
2180
2182
2183
2184
2186
2186
2186
2186
2186
2186
2187
2187
2188
2188
2189
2192
2192
2193
2193
2193
2193
2194
2194
2194
2195
2196
2196
2197
2197
2198
2198
2198
2198
2199
2200
2200
2201
2201
2203
2203
2204
2204
2205
2206
2207
2208
2208
2209
2209
2210
2210
2211
2212
2214
2214
2215
2215
2215
2216
2216
2217
2218
2219
2219
2220
2220
2221
2222
2223
2223
2223
2223
2224
2225
2227
2227
2227
2227
2228
2228
2229
2230
2231
2231
2232
2233
2233
2233
2233
2234
2235
2235
2235
2235
2235
2236
2239
2239
2239
2240
2240
2241
2242
2243
2243
2243
2243
2244
2244
2244
2245
2245
2245
2246
2248
2248
2248
2249
2249
2250
2251
2251
2251
2251
2252
2252
2252
2253
2253
2253
2255
2255
2256
2257
2257
2258
2261
2261
2262
2262
2262
2262
2262
2262
2262
2263
2263
2263
2263
2263
2264
2264
2266
2266
2266
2267
2267
2268
2268
2269
2269
2271
2272
2272
2272
2273
2273
2273
2273
2274
2274
2274
2275
2275
2276
2276
2277
2277
2277
2278
2278
2278
2279
2279
2280
2280
2280
2281
2281
2281
2282
2283
2284
2286
2287
2287
2288
2288
2288
2289
2290
2292
2293
2293
2295
2295
2296
2297
2298
2299
2299
2299
2300
2301
2302
2303
2303
2304
2304
2306
2307
2307
2308
2309
2310
2311
2312
2312
2312
2313
2313
2313
2314
2314
2314
2315
2315
2315
2315
2316
2316
2316
2317
2318
2318
2318
2318
2319
2320
2321
2321
2324
2324
2324
2326
2326
2327
2328
2329
2330
2330
2330
2332
2334
2334
2334
2335
2336
2336
2336
2337
2338
2338
2338
2339
2339
2340
2340
2340
2341
2341
2341
2341
2342
2343
2343
2344
2345
2346
2347
2347
2348
2350
2350
2350
2350
2351
2352
2352
2354
2354
2355
2355
2355
2357
2357
2360
2360
2361
2361
2362
2362
2363
2363
2364
2365
2365
2367
2367
2367
2368
2368
2369
2369
2371
2371
2372
2374
2374
2375
2375
2375
2376
2376
2377
2377
2378
2378
2379
2379
2381
2382
2383
2383
2386
2386
2387
2388
2389
2389
2389
2389
2391
2392
2392
2392
2393
2393
2394
2394
2395
2396
2396
2396
2398
2398
2398
2399
2399
2400
2401
2401
2402
2402
2402
2403
2404
2406
2406
2407
2408
2411
2411
2414
2415
2415
2415
2415
2415
2415
2416
2416
2416
2417
2418
2418
2418
2418
2418
2418
2420
2420
2420
2421
2421
2421
2422
2422
2423
2423
2424
2425
2425
2427
2428
2428
2428
2429
2430
2430
2431
2431
2432
2433
2433
2433
2433
2434
2434
2434
2434
2435
2439
2440
2441
2442
2442
2443
2443
2444
2444
2444
2445
2447
2448
2448
2450
2450
2451
2452
2452
2452
2453
2453
2454
2454
2455
2457
2457
2458
2458
2458
2459
2459
2460
2460
2460
2461
2461
2462
2463
2464
2466
2467
2467
2469
2469
2470
2470
2470
2473
2474
2474
2476
2476
2477
2477
2477
2478
2478
2479
2480
2480
2481
2481
2481
2482
2482
2482
2483
2483
2483
2484
2484
2485
2486
2487
2487
2488
2490
2492
2493
2493
2494
2495
2496
2496
2496
2497
2498
2498
2498
2499
2499
2500
2500
2502
2503
2504
2505
2505
2506
2507
2508
2508
2508
2509
2510
2513
2514
2517
2517
2518
2518
2519
2520
2522
2522
2524
2524
2525
2526
2526
2527
2528
2528
2529
2530
2533
2534
2535
2536
2537
2538
2539
2539
2539
2539
2540
2542
2543
2544
2544
2544
2546
2548
2549
2550
2551
2551
2552
2553
2554
2555
2555
2555
2556
2556
2557
2557
2558
2558
2558
2559
2559
2559
2560
2560
2561
2561
2562
2562
2562
2562
2562
2563
2565
2567
2570
2570
2570
2570
2571
2571
2572
2573
2573
2573
2574
2574
2577
2580
2580
2580
2582
2582
2583
2583
2583
2583
2584
2585
2585
2586
2586
2588
2588
2589
2589
2590
2592
2592
2593
2593
2594
2594
2595
2595
2596
2596
2597
2597
2597
2598
2598
2599
2599
2600
2601
2601
2604
2605
2605
2606
2606
2607
2607
2607
2607
2608
2608
2609
2609
2610
2610
2612
2612
2612
2613
2614
2616
2617
2618
2619
2619
2620
2622
2623
2624
2624
2624
2626
2628
2628
2629
2631
2632
2632
2632
2632
2632
2634
2635
2635
2637
2637
2637
2638
2638
2638
2639
2639
2640
2642
2643
2644
2644
2645
2647
2650
2650
2651
2651
2651
2652
2652
2652
2653
2653
2657
2657
2658
2659
2659
2660
2660
2660
2660
2660
2661
2661
2662
2663
2663
2663
2664
2664
2665
2665
2665
2665
2666
2666
2666
2667
2667
2668
2668
2670
2671
2674
2674
2675
2675
2675
2676
2676
2677
2677
2677
2678
2679
2681
2681
2683
2684
2685
2685
2686
2687
2687
2688
2688
2689
2690
2692
2692
2693
2694
2695
2696
2696
2699
2699
2700
2700
2702
2707
2708
2709
2710
2711
2712
2713
2715
2715
2715
2715
2716
2717
2717
2718
2719
2719
2719
2720
2721
2722
2723
2724
2725
2725
2725
2726
2726
2727
2728
2728
2729
2730
2730
2731
2731
2732
2732
2733
2733
2735
2737
2737
2741
2741
2741
2742
2743
2743
2744
2745
2745
2747
2748
2749
2749
2751
2752
2753
2754
2754
2754
2756
2757
2758
2758
2759
2760
2762
2763
2765
2769
2771
2772
2773
2773
2774
2774
2774
2774
2775
2775
2778
2779
2780
2781
2782
2785
2786
2786
2787
2789
2789
2790
2790
2792
2792
2793
2793
2794
2795
2795
2796
2796
2796
2797
2797
2799
2800
2801
2803
2803
2803
2804
2804
2805
2805
2805
2806
2806
2809
2810
2811
2812
2812
2812
2814
2816
2817
2820
2821
2822
2823
2823
2823
2824
2825
2826
2829
2830
2830
2833
2833
2835
2836
2837
2837
2837
2839
2839
2840
2841
2841
2842
2842
2842
2842
2844
2844
2845
2845
2846
2848
2848
2848
2849
2851
2851
2852
2854
2854
2855
2860
2860
2861
2861
2866
2866
2866
2868
2869
2870
2871
2871
2871
2873
2874
2874
2874
2877
2878
2880
2880
2881
2881
2882
2883
2883
2885
2886
2886
2887
2887
2888
2889
2889
2889
2890
2890
2891
2892
2892
2893
2893
2896
2899
2899
2901
2902
2903
2905
2905
2905
2907
2907
2908
2909
2910
2912
2912
2915
2917
2917
2918
2919
2919
2920
2921
2921
2922
2923
2924
2925
2926
2926
2929
2930
2930
2931
2932
2932
2933
2933
2934
2935
2937
2937
2939
2942
2942
2942
2942
2943
2943
2944
2944
2944
2945
2947
2949
2949
2951
2951
2952
2955
2956
2958
2959
2960
2960
2963
2963
2964
2964
2965
2965
2965
2965
2967
2968
2969
2970
2971
2971
2972
2972
2972
2973
2973
2974
2975
2975
2976
2977
2977
2977
2978
2979
2979
2980
2980
2980
2983
2985
2987
2987
2987
2988
2988
2988
2989
2989
2991
2991
2992
2992
2994
2994
2996
2996
2996
2996
2997
2998
2998
2999
2999
3001
3002
3003
3003
3003
3003
3003
3004
3004
3007
3009
3010
3010
3010
3011
3012
3012
3014
3015
3015
3015
3016
3016
3016
3016
3017
3017
3017
3019
3020
3021
3021
3021
3022
3023
3024
3026
3027
3028
3029
3029
3031
3032
3035
3035
3035
3036
3038
3039
3039
3040
3040
3040
3041
3042
3044
3044
3044
3046
3047
3048
3049
3053
3054
3055
3056
3056
3057
3057
3058
3059
3059
3062
3064
3065
3066
3068
3068
3068
3069
3069
3070
3070
3071
3072
3074
3075
3080
3082
3082
3083
3084
3085
3087
3087
3087
3087
3088
3090
3090
3090
3091
3091
3091
3094
3094
3096
3096
3098
3099
3102
3103
3103
3104
3105
3105
3105
3106
3106
3108
3109
3111
3111
3112
3114
3115
3115
3116
3117
3118
3121
3122
3124
3125
3134
3136
3137
3137
3137
3138
3141
3146
3147
3147
3152
3153
3155
3155
3161
3162
3162
3162
3162
3163
3164
3165
3166
3168
3169
3169
3170
3171
3171
3171
3172
3172
3174
3174
3175
3176
3177
3178
3180
3180
3181
3183
3188
3190
3190
3191
3193
3193
3193
3194
3194
3196
3196
3196
3196
3198
3198
3201
3201
3201
3202
3205
3205
3206
3207
3208
3208
3210
3212
3213
3216
3216
3221
3221
3222
3223
3224
3226
3227
3227
3228
3228
3230
3230
3231
3234
3234
3236
3236
3236
3236
3236
3239
3239
3241
3241
3241
3244
3247
3248
3248
3249
3251
3253
3254
3254
3254
3255
3258
3259
3260
3261
3263
3266
3267
3269
3270
3270
3276
3276
3276
3277
3279
3279
3282
3283
3285
3286
3287
3287
3287
3288
3289
3290
3291
3293
3294
3294
3295
3295
3295
3297
3297
3298
3298
3299
3301
3301
3303
3303
3304
3305
3305
3305
3305
3307
3308
3310
3311
3312
3316
3316
3320
3321
3321
3321
3321
3322
3322
3325
3328
3328
3332
3332
3332
3334
3334
3334
3335
3335
3335
3338
3342
3344
3344
3345
3347
3347
3348
3349
3350
3352
3352
3353
3353
3354
3355
3356
3357
3357
3358
3361
3363
3365
3368
3368
3368
3369
3370
3373
3374
3375
3376
3377
3378
3379
3380
3380
3381
3381
3382
3382
3382
3384
3385
3385
3386
3387
3387
3390
3390
3392
3392
3392
3393
3393
3393
3395
3396
3396
3396
3398
3399
3401
3402
3402
3406
3408
3410
3411
3411
3412
3412
3412
3414
3415
3415
3417
3419
3421
3422
3422
3422
3425
3425
3429
3430
3431
3432
3435
3435
3436
3437
3439
3440
3441
3442
3444
3445
3447
3448
3449
3451
3451
3454
3456
3456
3456
3457
3460
3461
3462
3463
3463
3463
3465
3466
3467
3472
3472
3473
3475
3477
3477
3478
3479
3480
3481
3481
3481
3481
3482
3483
3483
3485
3486
3486
3487
3488
3489
3490
3490
3491
3492
3492
3494
3496
3497
3498
3498
3502
3504
3505
3505
3507
3507
3508
3509
3511
3511
3512
3515
3516
3517
3521
3522
3523
3523
3529
3532
3540
3540
3541
3542
3542
3542
3543
3544
3545
3547
3547
3548
3548
3548
3551
3553
3553
3556
3558
3558
3559
3559
3559
3562
3564
3564
3566
3566
3567
3567
3568
3569
3572
3572
3574
3575
3576
3577
3579
3582
3583
3584
3584
3587
3588
3589
3590
3592
3593
3594
3594
3595
3595
3596
3597
3605
3606
3609
3611
3611
3611
3612
3613
3613
3615
3617
3617
3618
3619
3621
3621
3622
3622
3624
3624
3628
3629
3629
3632
3633
3633
3634
3636
3636
3636
3640
3640
3641
3642
3643
3647
3649
3650
3650
3654
3656
3657
3657
3657
3664
3665
3666
3667
3668
3669
3670
3670
3672
3672
3675
3675
3676
3677
3677
3677
3677
3678
3678
3679
3681
3681
3685
3686
3688
3688
3688
3688
3689
3690
3691
3694
3695
3697
3699
3704
3704
3705
3707
3708
3708
3708
3712
3712
3714
3715
3715
3719
3721
3721
3722
3722
3723
3724
3726
3727
3728
3732
3733
3733
3734
3734
3735
3738
3739
3740
3740
3741
3741
3744
3749
3754
3759
3759
3760
3760
3761
3766
3769
3770
3771
3772
3772
3773
3774
3774
3775
3775
3775
3775
3775
3776
3777
3779
3780
3781
3782
3786
3787
3789
3789
3791
3792
3794
3795
3797
3801
3804
3805
3807
3807
3808
3808
3808
3810
3813
3814
3814
3815
3818
3822
3824
3825
3827
3828
3828
3828
3828
3829
3833
3836
3838
3842
3843
3844
3846
3849
3849
3850
3851
3852
3853
3855
3855
3857
3859
3859
3863
3863
3865
3866
3867
3868
3869
3872
3872
3873
3873
3879
3880
3880
3881
3882
3882
3883
3883
3884
3885
3887
3889
3890
3890
3893
3894
3896
3899
3900
3901
3901
3902
3902
3903
3904
3904
3905
3905
3908
3910
3910
3911
3913
3914
3916
3922
3924
3924
3924
3924
3926
3928
3928
3930
3930
3930
3931
3931
3931
3933
3933
3934
3934
3934
3935
3939
3939
3940
3940
3940
3940
3941
3942
3943
3944
3945
3947
3952
3952
3954
3954
3955
3962
3965
3965
3968
3968
3968
3969
3970
3970
3970
3971
3972
3976
3980
3982
3985
3987
3987
3987
3987
3988
3988
3989
3990
3992
3994
3995
3996
3997
3997
3998
3999
4000
4003
4004
4004
4005
4005
4005
4008
4008
4008
4012
4013
4013
4017
4018
4019
4021
4021
4022
4022
4024
4026
4028
4028
4028
4028
4028
4029
4030
4030
4031
4031
4031
4033
4034
4035
4039
4041
4043
4044
4046
4046
4048
4049
4052
4053
4054
4054
4055
4056
4058
4058
4060
4060
4061
4062
4063
4067
4068
4070
4075
4079
4081
4086
4087
4096
4100
4103
4103
4107
4108
4109
4110
4111
4111
4112
4113
4113
4114
4114
4115
4117
4122
4122
4123
4125
4126
4126
4129
4129
4130
4130
4131
4133
4135
4135
4136
4138
4138
4144
4145
4146
4149
4152
4153
4154
4154
4159
4159
4163
4165
4167
4168
4169
4169
4169
4169
4170
4170
4170
4170
4173
4173
4176
4176
4177
4178
4180
4181
4184
4186
4186
4188
4189
4189
4190
4192
4197
4197
4197
4199
4200
4201
4202
4203
4204
4209
4209
4210
4214
4215
4218
4219
4220
4221
4224
4224
4225
4227
4228
4228
4228
4230
4230
4230
4231
4233
4234
4236
4236
4240
4243
4246
4247
4248
4248
4249
4250
4254
4255
4256
4257
4258
4259
4260
4264
4265
4265
4266
4267
4269
4280
4281
4284
4285
4285
4286
4286
4286
4291
4292
4294
4294
4294
4299
4300
4300
4301
4305
4313
4315
4316
4316
4317
4317
4321
4322
4322
4323
4325
4326
4327
4327
4330
4335
4343
4347
4348
4352
4355
4356
4358
4360
4360
4361
4362
4366
4366
4366
4368
4371
4371
4374
4375
4375
4377
4377
4378
4380
4383
4384
4384
4385
4388
4389
4390
4392
4398
4398
4400
4400
4402
4406
4409
4409
4409
4414
4415
4415
4418
4423
4425
4425
4425
4426
4433
4434
4439
4443
4450
4450
4452
4458
4460
4462
4462
4462
4463
4464
4467
4468
4469
4469
4476
4476
4478
4478
4479
4480
4482
4482
4482
4486
4488
4491
4492
4493
4495
4496
4499
4499
4499
4500
4500
4500
4505
4505
4508
4511
4514
4516
4516
4518
4519
4522
4523
4525
4525
4526
4526
4528
4528
4530
4532
4533
4533
4534
4538
4539
4539
4541
4543
4544
4545
4545
4546
4547
4550
4552
4552
4553
4553
4557
4557
4561
4564
4564
4566
4567
4567
4568
4570
4570
4571
4573
4576
4577
4579
4579
4581
4583
4587
4591
4592
4593
4594
4599
4601
4601
4602
4607
4607
4613
4614
4614
4616
4617
4617
4618
4618
4620
4623
4626
4628
4628
4629
4630
4631
4632
4633
4634
4634
4636
4636
4637
4637
4637
4638
4640
4643
4645
4647
4647
4651
4651
4652
4653
4653
4655
4657
4659
4659
4662
4663
4663
4667
4671
4676
4680
4681
4682
4683
4684
4685
4685
4686
4689
4691
4694
4695
4697
4698
4698
4699
4700
4701
4701
4702
4703
4705
4705
4708
4708
4710
4714
4714
4715
4718
4719
4721
4722
4722
4723
4725
4727
4728
4730
4732
4732
4732
4732
4732
4733
4734
4740
4740
4744
4746
4746
4746
4750
4751
4753
4754
4756
4757
4761
4762
4764
4765
4765
4767
4768
4769
4772
4774
4775
4777
4779
4779
4783
4784
4784
4784
4787
4787
4789
4793
4794
4795
4797
4798
4799
4804
4805
4805
4808
4816
4817
4817
4818
4818
4819
4820
4821
4829
4830
4832
4834
4838
4842
4845
4847
4848
4849
4851
4854
4855
4858
4861
4862
4862
4865
4869
4869
4871
4871
4872
4874
4876
4877
4878
4878
4885
4886
4892
4893
4895
4897
4897
4898
4898
4902
4906
4909
4910
4910
4912
4917
4919
4921
4922
4922
4923
4923
4924
4929
4933
4934
4934
4935
4936
4940
4942
4943
4948
4954
4958
4960
4961
4964
4966
4966
4966
4970
4972
4972
4973
4974
4974
4976
4981
4984
4984
4986
4988
4989
4993
4993
4995
4997
5004
5005
5017
5019
5019
5021
5028
5029
5032
5032
5032
5034
5035
5039
5043
5049
5054
5054
5056
5056
5057
5057
5058
5059
5061
5062
5065
5066
5067
5070
5072
5073
5076
5078
5080
5080
5083
5083
5087
5088
5088
5088
5092
5092
5097
5098
5099
5099
5102
5102
5104
5105
5105
5105
5107
5107
5109
5111
5114
5117
5117
5119
5119
5121
5124
5126
5126
5127
5127
5128
5130
5131
5132
5132
5133
5135
5135
5136
5136
5137
5138
5143
5144
5146
5148
5151
5152
5156
5156
5156
5157
5160
5166
5173
5174
5177
5178
5180
5181
5182
5184
5187
5188
5189
5189
5190
5192
5192
5193
5197
5203
5203
5203
5204
5213
5213
5216
5216
5218
5218
5219
5221
5227
5228
5231
5233
5234
5236
5236
5245
5247
5248
5250
5255
5257
5262
5264
5273
5274
5276
5278
5280
5282
5285
5286
5287
5288
5289
5291
5292
5294
5294
5295
5295
5297
5298
5301
5302
5303
5305
5307
5307
5308
5312
5314
5314
5318
5319
5322
5330
5331
5332
5332
5332
5333
5336
5341
5344
5344
5352
5356
5359
5368
5369
5371
5373
5376
5376
5376
5376
5379
5383
5384
5389
5391
5395
5406
5408
5408
5409
5409
5413
5414
5419
5422
5424
5429
5430
5433
5434
5436
5436
5436
5438
5439
5441
5445
5448
5450
5455
5456
5456
5458
5458
5459
5460
5462
5463
5464
5466
5468
5468
5469
5470
5470
5470
5471
5478
5482
5482
5483
5485
5486
5488
5488
5489
5490
5496
5498
5498
5500
5500
5502
5502
5514
5523
5523
5527
5528
5533
5533
5536
5537
5537
5537
5538
5539
5546
5548
5549
5556
5558
5561
5562
5567
5572
5573
5574
5575
5575
5576
5576
5580
5582
5583
5584
5585
5586
5586
5588
5589
5589
5590
5596
5599
5600
5603
5605
5606
5607
5612
5613
5614
5620
5621
5623
5624
5624
5626
5626
5628
5630
5633
5634
5634
5634
5636
5638
5641
5645
5649
5653
5654
5655
5659
5659
5665
5665
5666
5667
5669
5670
5674
5675
5676
5676
5676
5676
5681
5682
5686
5687
5688
5690
5691
5693
5696
5699
5700
5711
5712
5714
5714
5716
5717
5717
5720
5723
5727
5728
5730
5735
5739
5740
5740
5741
5745
5751
5759
5764
5765
5766
5767
5774
5776
5778
5779
5780
5784
5786
5788
5795
5800
5802
5805
5806
5807
5809
5812
5813
5813
5817
5822
5836
5836
5843
5844
5847
5850
5851
5852
5852
5853
5856
5857
5858
5858
5860
5863
5863
5864
5866
5868
5869
5873
5877
5887
5897
5899
5900
5900
5904
5905
5906
5907
5909
5910
5915
5916
5917
5917
5924
5925
5929
5936
5937
5939
5942
5947
5950
5951
5952
5952
5955
5958
5958
5958
5963
5965
5966
5969
5980
5981
5982
5984
5985
5986
5987
5989
5989
5990
5991
5992
5993
5995
5996
5997
6002
6002
6004
6005
6013
6014
6015
6016
6017
6018
6020
6022
6023
6025
6033
6033
6034
6035
6038
6040
6045
6048
6049
6056
6062
6064
6065
6070
6075
6076
6076
6077
6078
6078
6080
6093
6097
6097
6098
6098
6098
6099
6106
6110
6115
6115
6116
6116
6120
6125
6131
6137
6138
6143
6145
6148
6148
6149
6149
6151
6160
6163
6164
6164
6168
6170
6170
6179
6179
6180
6183
6185
6189
6198
6198
6204
6205
6208
6208
6211
6212
6216
6216
6216
6217
6220
6220
6223
6224
6229
6231
6235
6239
6249
6249
6252
6256
6256
6260
6260
6266
6270
6272
6281
6284
6286
6288
6293
6298
6299
6299
6302
6303
6306
6310
6310
6310
6310
6311
6313
6314
6314
6318
6319
6323
6324
6331
6334
6338
6345
6347
6348
6349
6350
6355
6355
6361
6363
6364
6369
6372
6380
6380
6381
6383
6385
6386
6388
6390
6391
6392
6395
6395
6396
6396
6400
6407
6408
6410
6412
6414
6415
6419
6426
6426
6432
6433
6433
6433
6433
6437
6438
6440
6446
6448
6451
6452
6456
6457
6459
6460
6463
6465
6470
6471
6472
6473
6475
6476
6478
6480
6480
6480
6482
6485
6485
6486
6492
6502
6507
6508
6518
6518
6522
6530
6534
6535
6536
6537
6537
6537
6540
6543
6551
6554
6558
6561
6562
6563
6568
6569
6571
6571
6571
6576
6579
6585
6586
6588
6589
6592
6594
6595
6595
6602
6607
6619
6619
6622
6626
6626
6628
6631
6631
6632
6635
6635
6641
6644
6644
6645
6649
6650
6650
6653
6656
6658
6660
6662
6664
6668
6670
6673
6674
6676
6681
6681
6682
6686
6688
6692
6695
6696
6698
6699
6702
6704
6706
6709
6710
6710
6711
6712
6713
6716
6720
6729
6730
6733
6733
6737
6741
6744
6744
6749
6753
6757
6760
6762
6764
6765
6772
6773
6779
6781
6781
6789
6789
6789
6792
6796
6796
6802
6802
6806
6807
6808
6809
6812
6814
6815
6818
6818
6819
6820
6821
6822
6823
6825
6826
6828
6830
6830
6831
6831
6834
6834
6834
6835
6837
6842
6845
6846
6847
6847
6849
6861
6862
6862
6862
6863
6866
6867
6868
6871
6880
6880
6882
6884
6887
6890
6894
6895
6901
6903
6905
6911
6913
6918
6920
6924
6927
6928
6942
6944
6947
6950
6951
6956
6959
6964
6970
6973
6975
6978
6980
6982
6985
6989
6991
6994
6997
7000
7006
7009
7012
7015
7021
7022
7025
7027
7032
7034
7034
7036
7039
7042
7047
7057
7063
7064
7068
7080
7084
7090
7090
7091
7091
7093
7093
7095
7096
7106
7109
7111
7115
7125
7126
7127
7129
7132
7135
7135
7137
7139
7139
7141
7145
7145
7148
7149
7149
7159
7160
7170
7172
7172
7173
7174
7174
7174
7190
7194
7196
7197
7204
7210
7212
7224
7226
7228
7228
7231
7239
7244
7245
7246
7247
7257
7259
7261
7263
7266
7270
7270
7271
7271
7274
7277
7280
7281
7286
7288
7289
7289
7290
7305
7307
7315
7319
7319
7320
7325
7330
7332
7334
7336
7337
7338
7340
7341
7345
7347
7349
7356
7370
7371
7372
7375
7381
7388
7389
7393
7396
7400
7401
7403
7405
7407
7420
7422
7424
7430
7433
7435
7435
7436
7437
7438
7442
7450
7450
7452
7456
7459
7459
7465
7467
7476
7487
7490
7494
7495
7498
7502
7505
7506
7508
7511
7513
7516
7523
7524
7527
7538
7544
7547
7553
7554
7561
7563
7568
7570
7572
7576
7578
7579
7584
7587
7589
7589
7591
7595
7596
7597
7601
7603
7605
7605
7606
7606
7608
7609
7609
7610
7610
7614
7618
7633
7636
7638
7640
7643
7644
7655
7657
7661
7661
7666
7668
7675
7676
7676
7676
7678
7693
7694
7695
7696
7696
7698
7709
7712
7714
7715
7722
7723
7723
7723
7725
7728
7731
7734
7734
7741
7741
7744
7746
7759
7761
7761
7765
7765
7769
7772
7774
7774
7776
7780
7780
7782
7783
7793
7796
7799
7804
7804
7807
7812
7816
7817
7820
7823
7824
7825
7829
7829
7835
7837
7843
7844
7845
7845
7846
7853
7856
7857
7859
7861
7862
7870
7880
7888
7894
7896
7897
7901
7912
7913
7915
7916
7916
7920
7923
7936
7939
7943
7943
7948
7951
7957
7957
7962
7967
7975
7978
7985
7988
7989
7991
7996
7996
8000
8006
8009
8012
8014
8016
8023
8024
8029
8035
8035
8037
8038
8040
8042
8044
8047
8047
8052
8053
8080
8082
8089
8098
8098
8103
8104
8123
8123
8127
8129
8130
8132
8133
8137
8139
8144
8152
8153
8154
8154
8155
8165
8166
8170
8174
8175
8177
8178
8180
8183
8186
8188
8192
8192
8193
8193
8195
8206
8209
8227
8237
8242
8243
8244
8249
8250
8252
8258
8261
8264
8267
8276
8276
8286
8288
8297
8297
8303
8312
8312
8313
8314
8329
8334
8339
8342
8342
8346
8348
8354
8356
8357
8363
8364
8368
8376
8377
8378
8382
8382
8383
8385
8385
8389
8397
8399
8402
8405
8408
8409
8410
8413
8419
8426
8428
8432
8437
8438
8442
8442
8460
8463
8485
8487
8488
8488
8489
8489
8491
8495
8496
8498
8506
8516
8524
8531
8533
8540
8542
8551
8551
8556
8558
8562
8570
8571
8576
8578
8583
8586
8586
8591
8592
8595
8596
8600
8604
8609
8610
8610
8618
8620
8625
8626
8629
8647
8647
8654
8656
8658
8662
8662
8664
8667
8669
8670
8673
8674
8683
8693
8694
8695
8702
8704
8705
8708
8711
8714
8716
8716
8721
8731
8733
8733
8737
8737
8747
8748
8749
8751
8757
8758
8762
8770
8771
8789
8793
8795
8798
8803
8803
8806
8811
8811
8828
8829
8833
8835
8836
8838
8842
8860
8869
8870
8870
8876
8877
8881
8883
8895
8901
8910
8912
8914
8923
8931
8934
8958
8959
8960
8968
8969
8973
8979
8984
8987
8989
8993
8994
8998
9000
9006
9006
9008
9008
9012
9015
9017
9019
9022
9027
9029
9038
9042
9052
9056
9081
9081
9083
9086
9089
9090
9094
9097
9098
9099
9099
9100
9105
9131
9139
9144
9146
9146
9149
9149
9156
9157
9168
9175
9182
9188
9189
9189
9198
9206
9207
9212
9214
9214
9215
9222
9224
9228
9231
9237
9237
9239
9239
9242
9245
9247
9254
9257
9264
9266
9268
9275
9275
9278
9279
9279
9279
9280
9282
9291
9293
9305
9311
9311
9320
9321
9323
9331
9333
9338
9352
9363
9365
9371
9377
9388
9389
9400
9400
9405
9409
9413
9415
9417
9420
9424
9424
9426
9435
9441
9443
9445
9449
9451
9460
9470
9471
9476
9481
9488
9488
9501
9501
9511
9513
9519
9520
9523
9523
9532
9538
9541
9544
9548
9552
9557
9558
9577
9591
9592
9596
9600
9602
9602
9609
9614
9618
9621
9621
9622
9628
9628
9637
9640
9652
9652
9652
9653
9657
9664
9667
9670
9676
9679
9682
9684
9686
9703
9705
9708
9710
9722
9727
9728
9730
9733
9735
9736
9737
9743
9745
9761
9763
9764
9771
9774
9788
9792
9796
9798
9798
9800
9808
9810
9812
9813
9821
9826
9835
9839
9843
9844
9847
9848
9850
9850
9859
9860
9860
9861
9862
9873
9880
9885
9887
9888
9892
9896
9916
9917
9920
9923
9925
9929
9952
9952
9974
9975
9983
9986
9989
9991
9991
9992
9995
10001
10010
10011
10029
10034
10036
10042
10049
10050
10056
10063
10070
10074
10076
10082
10085
10087
10098
10103
10105
10116
10117
10122
10146
10155
10157
10163
10167
10174
10175
10182
10192
10207
10228
10232
10238
10242
10254
10255
10255
10255
10259
10260
10266
10278
10290
10295
10296
10297
10299
10300
10302
10307
10311
10331
10340
10343
10344
10350
10355
10360
10366
10374
10375
10375
10377
10380
10387
10389
10401
10411
10419
10422
10423
10424
10427
10434
10436
10437
10442
10445
10458
10458
10466
10467
10472
10473
10477
10486
10498
10498
10500
10507
10510
10515
10523
10529
10534
10535
10539
10540
10545
10550
10558
10563
10565
10578
10581
10582
10582
10585
10586
10592
10597
10610
10622
10622
10635
10637
10637
10640
10654
10668
10697
10705
10706
10714
10718
10723
10735
10748
10762
10763
10764
10767
10774
10783
10796
10800
10807
10825
10830
10835
10839
10842
10848
10849
10851
10853
10854
10858
10861
10866
10867
10871
10874
10876
10880
10889
10895
10902
10903
10918
10919
10922
10927
10927
10930
10934
10941
10943
10944
10945
10946
10952
10955
10970
10976
10978
10979
10986
10987
10987
10999
11006
11008
11034
11035
11036
11044
11047
11056
11060
11087
11090
11096
11102
11108
11119
11124
11135
11138
11139
11142
11148
11155
11168
11182
11188
11201
11204
11209
11212
11229
11237
11248
11251
11253
11260
11260
11262
11273
11275
11283
11289
11292
11293
11296
11301
11303
11306
11306
11311
11312
11313
11318
11320
11327
11364
11369
11373
11375
11380
11381
11385
11391
11392
11396
11415
11418
11423
11427
11427
11434
11438
11440
11446
11448
11458
11476
11477
11484
11491
11499
11500
11504
11507
11514
11517
11524
11526
11528
11536
11546
11556
11558
11566
11567
11583
11585
11586
11606
11614
11615
11617
11619
11620
11621
11624
11626
11635
11647
11659
11660
11662
11668
11681
11682
11686
11686
11692
11695
11698
11730
11742
11743
11746
11756
11762
11769
11773
11775
11779
11788
11797
11798
11807
11808
11820
11835
11842
11844
11850
11853
11855
11857
11864
11871
11878
11887
11887
11893
11893
11895
11901
11907
11912
11919
11923
11928
11929
11931
11939
11941
11947
11949
11967
11968
11977
11998
12009
12014
12020
12023
12032
12035
12049
12064
12065
12066
12067
12080
12083
12084
12095
12120
12128
12142
12145
12153
12156
12170
12172
12178
12179
12186
12189
12193
12204
12206
12235
12253
12255
12259
12264
12268
12268
12288
12311
12327
12331
12359
12364
12374
12377
12377
12378
12391
12396
12396
12401
12411
12419
12422
12423
12429
12433
12437
12443
12449
12461
12462
12466
12471
12473
12481
12485
12493
12501
12507
12512
12513
12527
12530
12532
12533
12534
12545
12555
12559
12568
12568
12575
12576
12585
12589
12594
12600
12600
12603
12604
12608
12613
12620
12648
12659
12659
12666
12680
12697
12703
12708
12710
12716
12717
12721
12727
12731
12732
12738
12780
12781
12790
12808
12808
12811
12811
12840
12841
12860
12866
12868
12871
12872
12873
12881
12910
12911
12918
12934
12935
12937
12938
12945
12945
12946
12949
12956
12968
12978
12979
12987
12988
12989
13019
13022
13023
13025
13034
13038
13067
13069
13082
13085
13098
13122
13129
13131
13134
13140
13147
13150
13151
13152
13156
13158
13162
13176
13184
13203
13213
13214
13222
13225
13249
13250
13255
13257
13263
13264
13272
13276
13281
13292
13295
13309
13329
13336
13337
13340
13347
13365
13367
13368
13372
13382
13416
13417
13422
13442
13452
13453
13469
13472
13484
13485
13518
13521
13528
13531
13532
13532
13546
13556
13568
13575
13589
13594
13595
13600
13601
13607
13613
13617
13620
13643
13664
13668
13682
13682
13710
13710
13712
13717
13728
13747
13753
13763
13772
13777
13780
13782
13783
13799
13804
13806
13815
13822
13835
13841
13844
13848
13855
13859
13864
13868
13876
13894
13895
13897
13907
13908
13926
13934
13948
13977
13999
14001
14004
14008
14018
14054
14099
14108
14114
14122
14123
14127
14146
14151
14163
14166
14173
14187
14194
14200
14209
14211
14212
14214
14223
14226
14233
14241
14248
14254
14263
14302
14315
14324
14326
14330
14344
14351
14354
14354
14355
14361
14377
14389
14405
14416
14418
14424
14431
14440
14444
14453
14458
14502
14518
14523
14532
14535
14556
14560
14572
14573
14579
14582
14582
14583
14597
14599
14600
14601
14610
14617
14619
14643
14665
14674
14681
14692
14701
14733
14734
14774
14774
14779
14781
14788
14789
14816
14827
14828
14830
14831
14835
14849
14852
14863
14879
14879
14880
14895
14911
14913
14940
14940
14949
14951
14955
14961
14966
15026
15034
15049
15053
15054
15055
15074
15109
15121
15123
15128
15157
15166
15177
15181
15200
15225
15225
15241
15244
15259
15264
15265
15266
15268
15279
15288
15297
15312
15315
15322
15322
15335
15341
15345
15347
15347
15355
15358
15362
15369
15371
15378
15404
15408
15411
15413
15416
15441
15443
15445
15460
15469
15477
15485
15497
15503
15503
15507
15521
15522
15527
15531
15542
15544
15549
15550
15559
15581
15600
15605
15605
15608
15640
15642
15643
15680
15681
15688
15696
15713
15733
15741
15761
15770
15798
15804
15833
15851
15851
15859
15876
15877
15879
15881
15886
15888
15889
15919
15922
15928
15931
15933
15935
15942
15967
15967
15994
16000
16013
16033
16051
16054
16071
16073
16087
16101
16103
16111
16116
16117
16123
16136
16136
16142
16157
16169
16212
16247
16256
16261
16263
16276
16286
16290
16318
16322
16330
16332
16337
16340
16347
16348
16354
16367
16380
16381
16390
16391
16400
16411
16413
16420
16426
16436
16444
16456
16461
16495
16538
16582
16592
16608
16629
16651
16654
16676
16687
16706
16718
16737
16743
16746
16754
16759
16791
16799
16799
16810
16812
16822
16824
16838
16849
16865
16897
16925
16930
16948
16955
16985
16992
17004
17024
17026
17048
17071
17073
17080
17081
17093
17127
17147
17172
17179
17181
17189
17225
17241
17243
17254
17268
17278
17298
17299
17304
17308
17312
17320
17320
17334
17342
17350
17357
17361
17367
17367
17411
17414
17422
17423
17444
17447
17450
17452
17477
17499
17503
17534
17572
17581
17582
17598
17599
17617
17634
17642
17665
17707
17707
17712
17720
17720
17757
17783
17806
17823
17861
17862
17875
17887
17899
17962
17970
17976
18002
18019
18076
18080
18096
18101
18110
18110
18112
18127
18130
18145
18147
18153
18162
18165
18165
18188
18216
18218
18260
18273
18291
18300
18353
18355
18370
18376
18393
18397
18420
18425
18429
18460
18464
18464
18491
18494
18505
18510
18515
18516
18520
18544
18554
18555
18555
18559
18566
18596
18635
18667
18675
18678
18681
18687
18708
18714
18740
18786
18792
18816
18822
18872
18886
18918
18919
18925
18925
18928
18931
18944
18963
18985
18988
18990
19001
19010
19012
19039
19051
19055
19064
19068
19085
19124
19130
19161
19196
19201
19234
19254
19279
19291
19297
19306
19307
19310
19310
19355
19363
19377
19386
19405
19434
19456
19463
19469
19472
19478
19488
19489
19515
19520
19522
19543
19577
19584
19615
19628
19652
19666
19684
19688
19712
19725
19805
19837
19869
19900
19911
19935
19953
19968
19973
19998
19999
20025
20026
20033
20035
20046
20057
20065
20084
20099
20112
20127
20170
20173
20173
20191
20196
20205
20208
20211
20229
20235
20238
20239
20255
20275
20281
20300
20302
20307
20308
20318
20323
20339
20353
20382
20403
20403
20410
20411
20421
20436
20490
20501
20504
20510
20512
20527
20535
20537
20550
20568
20642
20645
20664
20678
20692
20709
20714
20718
20726
20735
20742
20746
20756
20761
20770
20784
20784
20790
20821
20829
20843
20870
20878
20905
20905
20909
20920
20932
20942
20966
20976
20986
20990
21043
21043
21054
21077
21088
21103
21115
21119
21125
21131
21144
21155
21170
21179
21182
21182
21205
21253
21256
21263
21274
21329
21345
21353
21400
21400
21403
21445
21447
21479
21488
21498
21511
21511
21519
21522
21530
21536
21556
21576
21602
21631
21659
21662
21672
21675
21735
21751
21779
21786
21802
21810
21842
21845
21859
21869
21908
21945
21946
21961
21967
21987
22021
22027
22035
22036
22052
22060
22072
22076
22091
22097
22105
22107
22128
22141
22147
22152
22193
22206
22228
22242
22261
22265
22277
22279
22302
22336
22338
22376
22387
22406
22439
22439
22441
22442
22451
22464
22501
22505
22527
22542
22551
22563
22564
22621
22628
22641
22643
22666
22697
22701
22722
22725
22763
22771
22782
22795
22801
22825
22856
22904
22917
22976
22979
23007
23029
23033
23060
23083
23113
23122
23133
23135
23154
23171
23171
23203
23208
23222
23232
23242
23243
23283
23324
23327
23329
23347
23370
23376
23453
23462
23463
23470
23503
23510
23516
23526
23532
23537
23545
23546
23562
23562
23564
23574
23585
23609
23635
23669
23694
23720
23727
23748
23749
23779
23853
23908
23908
23929
23936
23970
23971
24010
24015
24031
24040
24069
24071
24100
24127
24146
24157
24157
24183
24208
24243
24244
24302
24303
24312
24325
24331
24426
24477
24498
24508
24516
24555
24568
24598
24604
24662
24668
24731
24747
24848
24863
24881
24918
24927
24936
24948
24998
25011
25018
25099
25104
25144
25171
25178
25205
25216
25233
25267
25325
25363
25405
25410
25421
25464
25470
25478
25496
25573
25600
25605
25614
25619
25639
25642
25645
25709
25720
25737
25754
25756
25849
25866
25869
25894
25897
25912
25919
25924
25927
25945
25946
25974
26001
26009
26038
26052
26107
26118
26128
26156
26185
26186
26200
26203
26206
26225
26232
26237
26247
26263
26309
26309
26320
26325
26359
26365
26386
26407
26408
26409
26411
26451
26463
26475
26500
26502
26518
26530
26549
26588
26588
26614
26622
26653
26705
26782
26809
26839
26847
26865
26884
26940
26955
26984
26987
26992
26997
27044
27069
27109
27134
27136
27144
27152
27195
27215
27217
27324
27345
27362
27368
27387
27400
27407
27433
27433
27449
27508
27588
27599
27619
27651
27656
27674
27696
27718
27735
27765
27772
27802
27812
27819
27819
27844
27867
27899
27902
27906
27931
27933
27939
28006
28031
28073
28083
28128
28135
28144
28224
28259
28307
28311
28332
28334
28456
28461
28462
28463
28520
28537
28574
28590
28600
28605
28633
28641
28648
28657
28735
28775
28782
28803
28842
28930
28978
28981
28981
29037
29072
29172
29172
29271
29339
29344
29376
29381
29405
29437
29494
29506
29549
29560
29592
29644
29693
29700
29712
29745
29771
29780
29786
29793
29855
29871
29884
29923
29926
29933
30000
30004
30007
30027
30047
30068
30093
30115
30124
30136
30211
30224
30256
30262
30273
30308
30388
30399
30423
30504
30560
30582
30588
30708
30711
30734
30785
30904
30906
30940
30965
30966
30989
30999
31077
31101
31226
31229
31258
31282
31283
31340
31411
31432
31436
31473
31492
31542
31575
31580
31615
31626
31637
31711
31719
31727
31730
31776
31814
31836
31877
31881
31909
31976
32010
32046
32052
32066
32102
32139
32190
32199
32264
32338
32393
32414
32512
32645
32647
32652
32667
32732
32787
32793
32797
32837
32861
32884
32900
32913
32914
32986
33007
33049
33058
33097
33147
33204
33262
33377
33436
33464
33496
33556
33588
33686
33690
33712
33714
33740
33769
33784
33826
33852
33857
33858
33862
33867
33892
33904
33998
34014
34077
34104
34113
34129
34211
34282
34310
34424
34496
34527
34649
34665
34701
34727
34748
34789
34950
34980
35048
35080
35083
35086
35094
35102
35110
35135
35189
35202
35258
35278
35318
35335
35361
35404
35444
35450
35462
35476
35521
35597
35690
35794
35811
35814
35838
35863
35866
35901
35918
35958
36028
36081
36117
36145
36189
36234
36255
36264
36282
36316
36330
36346
36368
36395
36430
36458
36474
36582
36664
36688
36722
36817
36854
36929
36944
37208
37251
37257
37259
37326
37336
37414
37644
37647
37648
37674
37688
37775
37784
37835
37882
37984
38025
38037
38041
38064
38101
38138
38141
38176
38216
38217
38224
38278
38327
38357
38392
38420
38446
38533
38577
38586
38649
38723
38816
38829
38915
38978
39018
39040
39065
39065
39074
39102
39116
39139
39196
39199
39375
39394
39503
39515
39573
39695
39695
39803
39804
39824
39838
39862
39968
40008
40018
40072
40073
40099
40105
40165
40236
40238
40340
40377
40407
40424
40453
40507
40513
40517
40580
40687
40687
40786
40853
40862
40866
41063
41103
41138
41145
41155
41207
41303
41303
41375
41464
41531
41550
41581
41633
41633
41715
41721
41773
41862
41872
41938
42059
42068
42097
42223
42236
42249
42358
42412
42471
42514
42584
42647
42677
42687
42776
42805
42928
43062
43081
43123
43128
43224
43250
43364
43370
43407
43567
43576
43638
43768
43783
43789
43858
43957
44003
44054
44102
44193
44292
44382
44503
44536
44681
44712
44752
44795
44870
44897
44925
45014
45027
45054
45175
45255
45287
45293
45409
45430
45444
45504
45527
45563
45697
45768
45793
45866
45946
46005
46258
46277
46332
46449
46463
46488
46506
46509
46549
46606
46614
46699
46707
46783
46822
46837
47045
47152
47214
47271
47283
47303
47380
47386
47388
47425
47637
47656
47662
47782
47821
47829
47996
48028
48048
48089
48129
48129
48151
48187
48411
48472
48501
48688
48702
48806
48950
48971
49121
49155
49170
49286
49286
49325
49366
49374
49399
49415
49435
49523
49553
49672
49693
49739
49816
49936
50211
50284
50365
50594
50624
50644
50673
50719
50767
50769
50790
50866
50868
51102
51104
51443
51460
51488
51508
51548
51599
51659
51765
51884
51988
52018
52029
52360
52457
52466
52524
52613
52648
52715
52717
52793
52913
52946
52975
53054
53071
53077
53109
53127
53205
53296
53364
53421
53505
53909
53948
54016
54059
54088
54239
54260
54370
54514
54552
54593
54653
54749
54901
54977
54978
55147
55245
55256
55266
55419
55502
55513
55566
55588
55593
55635
55765
55825
55901
55919
55976
55981
56052
56063
56255
56259
56265
56287
56340
56352
56372
56456
56521
56646
56694
56769
56929
56933
57104
57221
57247
57585
57695
57697
57746
57755
57870
57923
57955
58062
58244
58264
58266
58271
58590
58596
58757
58812
58898
58912
58969
58974
59226
59577
59684
59686
59702
59740
59880
60032
60051
60062
60062
60213
60220
60308
60389
60432
60448
60523
60525
60552
60578
60603
61182
61254
61348
61607
61714
61792
61821
61842
61968
62150
62226
62406
62590
62698
62749
63011
63096
63261
63285
63296
63317
63325
63428
63557
63603
63677
63828
63870
63900
64029
64112
64196
64249
64296
64583
64903
65269
65273
65660
65868
65894
65920
65936
66455
66715
66787
66869
67083
67088
67173
67249
67388
67504
67561
67624
67861
68015
68263
68315
68381
68393
68556
68652
68747
68825
68904
68991
69368
69473
69567
69824
69845
70126
70296
70517
70702
70705
71021
71118
71127
71283
71329
71393
71538
72043
72069
72182
72259
72664
72670
72684
72739
72878
72958
73344
73402
73539
73990
74239
74764
74848
75402
75402
75702
75720
75837
76021
76042
76415
76760
76947
77021
77145
77248
77423
77478
77685
77737
77753
77962
78296
78306
78721
79062
79269
79345
79426
79452
79554
79904
79928
80056
80114
80142
80268
80431
80537
80734
80874
80959
81111
81207
81855
81991
82026
82111
82376
82549
82934
82951
83048
83259
83629
83829
84084
84110
84112
84329
84362
84662
85025
85071
85172
85403
85616
85655
85779
85794
85808
85932
85979
86319
86602
86605
86911
87097
87933
88025
88116
88207
88443
88642
88774
88967
89050
89621
89692
89730
90032
90205
90405
90532
90607
90943
91628
91776
91938
91957
92335
92472
92779
92998
93102
93493
93768
94301
94304
94492
94580
94624
94666
94892
94911
94996
95694
96178
96375
96650
97255
97775
98359
99216
100266
100316
100545
100565
100920
100998
101355
102129
102238
102286
102361
102673
102743
102746
102767
103478
103625
103717
104197
104323
105080
105167
105441
106431
106632
106656
107006
107271
107323
107919
108685
108756
108896
108902
109578
109949
111365
111373
111473
111532
112495
112580
113019
113288
113866
113880
114117
115488
115930
115965
116273
116760
116829
117005
117083
117549
118716
118718
119371
120568
121271
121582
121872
122882
123626
124121
124471
124506
124523
124943
125056
125251
126003
127427
127743
128283
128409
128821
128937
131784
131844
133747
133936
136991
137415
137946
138247
138319
139529
139530
139715
140031
141674
142379
142685
143072
143148
143593
144137
146435
146437
146866
147854
149222
149431
149473
150349
151131
151404
151722
152082
154198
155681
158011
158518
158625
161029
165196
166196
170359
172648
173553
173618
173627
174501
175406
176643
177322
180150
180900
181767
183135
184256
185237
185787
185975
186291
187316
188864
189453
189627
190914
191615
193556
194973
195182
195629
196019
197790
197800
198768
199184
199191
199572
200172
201607
202596
203413
208903
215794
217070
218831
219773
220483
222008
224047
225638
226419
228520
234403
240055
242790
243082
243771
248408
255175
256207
260283
260512
272537
275923
277496
282956
286840
292648
303463
313782
328071
331285
332969
334563
337977
348189
351150
360988
362437
371657
382747
391019
393120
397776
399484
407018
416441
425257
428873
441545
448948
461522
477472
479639
484674
487341
506129
529184
541099
545535
553693
557834
563376
563657
572059
589141
596974
650100
651154
656562
711265
735617
776733
781864
895193
951270
1151305
1188589
1223429
1321190
1517550
1953633
2896047
3694742
8008654
